  -1.8599999999999994e-001	  0.0000000000000000e+000
  0.0000000000000000e+000	  0.0000000000000000e+000
  1.8599999999999994e-001	  2.7261552849040771e+008	
  3.4499999999999997e-001	  2.5295579586673787e+008	
  5.3400000000000003e-001	  2.4335577712803695e+008	
  7.3700000000000010e-001	  2.3690839739921433e+008	
  9.5000000000000018e-001	  2.3206063253747284e+008	
  1.1360000000000001e+000	  2.2835977600518712e+008	
  1.3380000000000001e+000	  2.2504795202067205e+008	
  1.5360000000000000e+000	  2.2239771632098863e+008	
  1.7389999999999999e+000	  2.2003944916015100e+008	
  1.9390000000000001e+000	  2.1781940114802241e+008	
  2.1400000000000001e+000	  2.1598993870780730e+008	
  2.3340000000000001e+000	  2.1432742636294296e+008	
  2.5340000000000003e+000	  2.1278449687707388e+008	
  2.7340000000000004e+000	  2.1144190750562572e+008	
  2.9350000000000001e+000	  2.1035556711773902e+008	
  3.1359999999999997e+000	  2.0904403822914681e+008	
  3.3370000000000002e+000	  2.0778298262519553e+008	
  3.5370000000000004e+000	  2.0658560101109877e+008	
  3.7269999999999999e+000	  2.0556371112513828e+008	
  3.9360000000000004e+000	  2.0476312717952630e+008	
  4.1270000000000007e+000	  2.0383053618177658e+008	
  4.3369999999999997e+000	  2.0288474447881308e+008	
  4.5269999999999992e+000	  2.0222082665776724e+008	
  4.7289999999999992e+000	  2.0120903142873487e+008	
  4.9390000000000001e+000	  2.0058704525954461e+008	
  5.1289999999999996e+000	  1.9968240869636527e+008	
  5.3409999999999993e+000	  1.9906818764788893e+008	
  5.5299999999999994e+000	  1.9854870107212329e+008	
  5.7300000000000004e+000	  1.9794457468057516e+008	
  5.9329999999999998e+000	  1.9739480413402498e+008	
  6.1270000000000007e+000	  1.9678601867004845e+008	
  6.3339999999999996e+000	  1.9619664600785691e+008	
  6.5250000000000004e+000	  1.9569191316144782e+008	
  6.7249999999999996e+000	  1.9506837396811473e+008	
  6.9369999999999994e+000	  1.9458460694763339e+008	
  7.1259999999999994e+000	  1.9408841573400968e+008	
  7.3369999999999997e+000	  1.9372811413288075e+008	
  7.5269999999999992e+000	  1.9334141112132427e+008	
  7.7309999999999999e+000	  1.9281260640070179e+008	
  7.9369999999999994e+000	  1.9221546861779624e+008	
  8.1289999999999996e+000	  1.9178139836988446e+008	
  8.3390000000000004e+000	  1.9136052882718638e+008	
  8.5289999999999999e+000	  1.9089384507227585e+008	
  8.7289999999999992e+000	  1.9052189579007590e+008	
  8.9379999999999988e+000	  1.9023613934780121e+008	
  9.1280000000000001e+000	  1.8979042141881841e+008	
  9.3279999999999994e+000	  1.8954582011632785e+008	
  9.5280000000000005e+000	  1.8898828444906366e+008	
  9.7289999999999992e+000	  1.8877241409321484e+008	
  9.9379999999999988e+000	  1.8825836310194898e+008	
  1.0129000000000000e+001	  1.8816207560509554e+008	
  1.0328999999999999e+001	  1.8774275908654028e+008	
  1.0529000000000000e+001	  1.8735605607498381e+008	
  1.0730000000000000e+001	  1.8698488330485526e+008	
  1.0940999999999999e+001	  1.8676668341279224e+008	
  1.1129999999999999e+001	  1.8643278322209084e+008	
  1.1330000000000000e+001	  1.8608956488653266e+008	
  1.1529999999999999e+001	  1.8595134573782372e+008	
  1.1731000000000000e+001	  1.8553979433998245e+008	
  1.1943000000000000e+001	  1.8536585563598916e+008	
  1.2131000000000000e+001	  1.8509252338685688e+008	
  1.2331999999999999e+001	  1.8495973982264769e+008	
  1.2532999999999999e+001	  1.8459012007666197e+008	
  1.2731999999999999e+001	  1.8428495083260229e+008	
  1.2936999999999999e+001	  1.8404423209046876e+008	
  1.3134000000000000e+001	  1.8383224429497692e+008	
  1.3325999999999999e+001	  1.8359540811320034e+008	
  1.3526999999999999e+001	  1.8326927304321292e+008	
  1.3728000000000000e+001	  1.8311008806857622e+008	
  1.3936000000000000e+001	  1.8284607396430069e+008	
  1.4128000000000000e+001	  1.8266048757923645e+008	
  1.4327000000000000e+001	  1.8237007206453335e+008	
  1.4528000000000000e+001	  1.8214876612418479e+008	
  1.4729998999999999e+001	  1.8196628578740609e+008	
  1.4937999999999999e+001	  1.8161219628284833e+008	
  1.5129998999999998e+001	  1.8141340919257027e+008	
  1.5327998999999998e+001	  1.8132954588885924e+008	
  1.5527999999999999e+001	  1.8095449055837369e+008	
  1.5731000999999999e+001	  1.8088382795987645e+008	
  1.5934999000000001e+001	  1.8056390498646021e+008	
  1.6128000000000000e+001	  1.8032318624432662e+008	
  1.6327998999999998e+001	  1.8034026950989741e+008	
  1.6527000000000001e+001	  1.7995123696212670e+008	
  1.6729998999999999e+001	  1.7981457083756056e+008	
  1.6940000000000001e+001	  1.7948688274343032e+008	
  1.7128000000000000e+001	  1.7944106853121781e+008	
  1.7329000000000001e+001	  1.7920656188565546e+008	
  1.7527999999999999e+001	  1.7897904384873566e+008	
  1.7731999999999999e+001	  1.7888974496052483e+008	
  1.7929001000000000e+001	  1.7864902621839127e+008	
  1.8148001000000001e+001	  1.7867542762881881e+008	
  1.8329000000000001e+001	  1.7833220929326060e+008	
  1.8528998999999999e+001	  1.7816215314962432e+008	
  1.8731999999999999e+001	  1.7803868773027191e+008	
  1.8940000000000001e+001	  1.7779796898813838e+008	
  1.9131000000000000e+001	  1.7764421959800145e+008	
  1.9330998999999998e+001	  1.7745630367672297e+008	
  1.9530000999999999e+001	  1.7751920115450627e+008	
  1.9731999999999999e+001	  1.7727071729165873e+008	
  1.9931000000000001e+001	  1.7716666467409131e+008	
  2.0131000000000000e+001	  1.7692982849231476e+008	
  2.0329999999999998e+001	  1.7689177940081620e+008	
  2.0532000000000000e+001	  1.7663553041725466e+008	
  2.0733999000000001e+001	  1.7659359876539913e+008	
  2.0940999999999999e+001	  1.7634356187840876e+008	
  2.1131999999999998e+001	  1.7616729363820130e+008	
  2.1332000999999998e+001	  1.7597627166863725e+008	
  2.1532000000000000e+001	  1.7590949163049695e+008	
  2.1731999999999999e+001	  1.7560043982608032e+008	
  2.1931999000000001e+001	  1.7554530746901101e+008	
  2.2131999999999998e+001	  1.7546222067737138e+008	
  2.2332000999999998e+001	  1.7519121796445322e+008	
  2.2532000000000000e+001	  1.7517025213852549e+008	
  2.2731999999999999e+001	  1.7500718460353181e+008	
  2.2943999999999999e+001	  1.7498233621724704e+008	
  2.3134999999999998e+001	  1.7468648511804417e+008	
  2.3334000000000000e+001	  1.7470978048018613e+008	
  2.3533999999999999e+001	  1.7444033079141080e+008	
  2.3735001000000000e+001	  1.7438519843434149e+008	
  2.3934000000000001e+001	  1.7409944199206683e+008	
  2.4134001000000001e+001	  1.7414292666806513e+008	
  2.4334000000000000e+001	  1.7409711245585260e+008	
  2.4533999999999999e+001	  1.7381446206186351e+008	
  2.4735001000000000e+001	  1.7383542788779131e+008	
  2.4948000000000000e+001	  1.7364984150272703e+008	
  2.5134999999999998e+001	  1.7348522094359055e+008	
  2.5335000999999998e+001	  1.7326313849117053e+008	
  2.5535000000000000e+001	  1.7325925593081355e+008	
  2.5736999000000001e+001	  1.7314355563217515e+008	
  2.5936001000000001e+001	  1.7306435140089250e+008	
  2.6134999999999998e+001	  1.7290128386589876e+008	
  2.6335999999999999e+001	  1.7277781844654638e+008	
  2.6535000000000000e+001	  1.7262795161676645e+008	
  2.6747000000000000e+001	  1.7242916452648845e+008	
  2.6943000999999999e+001	  1.7253865272855562e+008	
  2.7132998999999998e+001	  1.7230569910713604e+008	
  2.7335000999999998e+001	  1.7217291554292688e+008	
  2.7533000999999999e+001	  1.7197024589229184e+008	
  2.7736999000000001e+001	  1.7208749921507305e+008	
  2.7934999000000001e+001	  1.7193064377665052e+008	
  2.8132998999999998e+001	  1.7167439479308897e+008	
  2.8334000000000000e+001	  1.7162702755673367e+008	
  2.8535000000000000e+001	  1.7162858058087647e+008	
  2.8738001000000001e+001	  1.7152452796330905e+008	
  2.8946999999999999e+001	  1.7126905549181890e+008	
  2.9134001000000001e+001	  1.7125352525039095e+008	
  2.9335000999999998e+001	  1.7102445418932834e+008	
  2.9535999000000000e+001	  1.7101125348411459e+008	
  2.9736000000000001e+001	  1.7099960580304360e+008	
  2.9934999000000001e+001	  1.7086682223883444e+008	
  3.0134999999999998e+001	  1.7059038394141653e+008	
  3.0335000999999998e+001	  1.7071307284869748e+008	
  3.0535999000000000e+001	  1.7066415258819944e+008	
  3.0737000999999999e+001	  1.7050496761356270e+008	
  3.0947000000000003e+001	  1.7030928657157025e+008	
  3.1136999000000003e+001	  1.7029608586635646e+008	
  3.1336999999999996e+001	  1.7005381410008010e+008	
  3.1536000999999999e+001	  1.6993034868072772e+008	
  3.1738000999999997e+001	  1.7000256430336779e+008	
  3.1935999000000002e+001	  1.6986201561844465e+008	
  3.2136000000000003e+001	  1.6997616289294025e+008	
  3.2336999999999996e+001	  1.6978979999580455e+008	
  3.2536000999999999e+001	  1.6950947913802969e+008	
  3.2738999999999997e+001	  1.6949783145695871e+008	
  3.2939000999999998e+001	  1.6941862722567603e+008	
  3.3130999000000003e+001	  1.6933321089782217e+008	
  3.3330998999999998e+001	  1.6935184718753576e+008	
  3.3530000999999999e+001	  1.6912665868683016e+008	
  3.3732999999999997e+001	  1.6898222744155005e+008	
  3.3941000000000003e+001	  1.6893486020519471e+008	
  3.4132002000000000e+001	  1.6905056050383309e+008	
  3.4332997999999996e+001	  1.6888749296883941e+008	
  3.4531999999999996e+001	  1.6861804328006405e+008	
  3.4733998999999997e+001	  1.6863357352149206e+008	
  3.4932001000000000e+001	  1.6869025890270415e+008	
  3.5132002000000000e+001	  1.6852175578321066e+008	
  3.5331998999999996e+001	  1.6841770316564324e+008	
  3.5531999999999996e+001	  1.6822978724436474e+008	
  3.5735998000000002e+001	  1.6814670045272511e+008	
  3.5933000999999997e+001	  1.6795334894694686e+008	
  3.6133001000000000e+001	  1.6789045146916360e+008	
  3.6341000999999999e+001	  1.6792617102444792e+008	
  3.6532998999999997e+001	  1.6786948564323583e+008	
  3.6738999999999997e+001	  1.6784851981730807e+008	
  3.6933000999999997e+001	  1.6762488434074527e+008	
  3.7133001000000000e+001	  1.6760236549067470e+008	
  3.7332997999999996e+001	  1.6745405168503755e+008	
  3.7532998999999997e+001	  1.6734068092261335e+008	
  3.7735998000000002e+001	  1.6736708233304092e+008	
  3.7933999999999997e+001	  1.6741056700903925e+008	
  3.8133001000000000e+001	  1.6720401479804721e+008	
  3.8334001000000001e+001	  1.6711471590983638e+008	
  3.8532998999999997e+001	  1.6709452659598002e+008	
  3.8735998000000002e+001	  1.6702231097333997e+008	
  3.8942999000000000e+001	  1.6699202700255543e+008	
  3.9133001000000000e+001	  1.6689340996948782e+008	
  3.9335999999999999e+001	  1.6673810755520806e+008	
  3.9535001999999999e+001	  1.6669074031885272e+008	
  3.9737000999999999e+001	  1.6671092963270912e+008	
  3.9933999999999997e+001	  1.6655795675464359e+008	
  4.0134999999999998e+001	  1.6641740806972042e+008	
  4.0334001000000001e+001	  1.6661464213585567e+008	
  4.0535001999999999e+001	  1.6634130988672337e+008	
  4.0738000999999997e+001	  1.6629238962622526e+008	
  4.0933999999999997e+001	  1.6631723801251000e+008	
  4.1134999999999998e+001	  1.6613708721194556e+008	
  4.1342000999999996e+001	  1.6606875414966246e+008	
  4.1533997999999997e+001	  1.6609670858423281e+008	
  4.1737000999999999e+001	  1.6604778832373470e+008	
  4.1933999999999997e+001	  1.6593597058545330e+008	
  4.2136000000000003e+001	  1.6583890657652846e+008	
  4.2335000999999998e+001	  1.6591655778366834e+008	
  4.2533997999999997e+001	  1.6571233510889050e+008	
  4.2738000999999997e+001	  1.6570845254853350e+008	
  4.2933999999999997e+001	  1.6576125536938861e+008	
  4.3134000999999998e+001	  1.6565720275182119e+008	
  4.3335000999999998e+001	  1.6544832100461498e+008	
  4.3533997999999997e+001	  1.6537843491818911e+008	
  4.3735998000000002e+001	  1.6544521495632941e+008	
  4.3945002000000002e+001	  1.6524176879362294e+008	
  4.4134999999999998e+001	  1.6534815094740453e+008	
  4.4335999999999999e+001	  1.6524953391433695e+008	
  4.4536000999999999e+001	  1.6520760226248142e+008	
  4.4738000999999997e+001	  1.6503754611884513e+008	
  4.4936998000000003e+001	  1.6486438392692325e+008	
  4.5134999999999998e+001	  1.6499949702734655e+008	
  4.5335999999999999e+001	  1.6487991416835120e+008	
  4.5537000999999997e+001	  1.6478285015942636e+008	
  4.5737000999999999e+001	  1.6469432778328693e+008	
  4.5935999000000002e+001	  1.6466947939700219e+008	
  4.6136000000000003e+001	  1.6461667657614705e+008	
  4.6335999999999999e+001	  1.6460891145543310e+008	
  4.6537000999999997e+001	  1.6450485883786565e+008	
  4.6738000999999997e+001	  1.6444972648079637e+008	
  4.6936998000000003e+001	  1.6431461338037300e+008	
  4.7136999000000003e+001	  1.6433790874251497e+008	
  4.7336999999999996e+001	  1.6429209453030246e+008	
  4.7537999999999997e+001	  1.6423540914909035e+008	
  4.7738999999999997e+001	  1.6416552306266448e+008	
  4.7939000999999998e+001	  1.6406302346923989e+008	
  4.8137999000000001e+001	  1.6408942487966743e+008	
  4.8338999000000001e+001	  1.6388287266867539e+008	
  4.8537000999999997e+001	  1.6402652740188414e+008	
  4.8740999000000002e+001	  1.6389995593424615e+008	
  4.8947000000000003e+001	  1.6384094101681986e+008	
  4.9137999000000001e+001	  1.6378192609939358e+008	
  4.9337998999999996e+001	  1.6371747559746748e+008	
  4.9539999000000002e+001	  1.6368719162668294e+008	
  4.9740000000000002e+001	  1.6359478669018653e+008	
  4.9938001999999997e+001	  1.6343327217933559e+008	
  5.0139001999999998e+001	  1.6358546854532975e+008	
  5.0337998999999996e+001	  1.6360798739540029e+008	
  5.0537999999999997e+001	  1.6325156835462832e+008	
  5.0740999000000002e+001	  1.6343171915519279e+008	
  5.0939000999999998e+001	  1.6323992067355731e+008	
  5.1139001999999998e+001	  1.6320420111827299e+008	
  5.1338999000000001e+001	  1.6319255343720201e+008	
  5.1537999999999997e+001	  1.6316459900263169e+008	
  5.1740999000000002e+001	  1.6317547017163125e+008	
  5.1939000999999998e+001	  1.6302016775735155e+008	
  5.2139001999999998e+001	  1.6290291443457037e+008	
  5.2338999000000001e+001	  1.6292698630878374e+008	
  5.2537999999999997e+001	  1.6293708096571189e+008	
  5.2740999000000002e+001	  1.6283846393264428e+008	
  5.2939999999999998e+001	  1.6275460062893322e+008	
  5.3139001999999998e+001	  1.6261482845608148e+008	
  5.3350000000000001e+001	  1.6267694942179334e+008	
  5.3539000000000001e+001	  1.6259541565429652e+008	
  5.3741999000000000e+001	  1.6251232886265686e+008	
  5.3950997999999998e+001	  1.6238886344330448e+008	
  5.4140000999999998e+001	  1.6258066192493993e+008	
  5.4341000999999999e+001	  1.6250999932644263e+008	
  5.4542001999999997e+001	  1.6229801153095087e+008	
  5.4743001999999997e+001	  1.6225219731873834e+008	
  5.4941000000000003e+001	  1.6219007635302642e+008	
  5.5141001000000003e+001	  1.6222424288416797e+008	
  5.5341000999999999e+001	  1.6214426214081392e+008	
  5.5543000999999997e+001	  1.6232285991723558e+008	
  5.5743001999999997e+001	  1.6225607987909535e+008	
  5.5941000000000003e+001	  1.6203787998703232e+008	
  5.6142000000000003e+001	  1.6205496325260308e+008	
  5.6341000999999999e+001	  1.6209534188031581e+008	
  5.6542001999999997e+001	  1.6212562585110036e+008	
  5.6744000999999997e+001	  1.6193382736946490e+008	
  5.6941999000000003e+001	  1.6199051275067699e+008	
  5.7141001000000003e+001	  1.6194547505053586e+008	
  5.7341000999999999e+001	  1.6184297545711127e+008	
  5.7542001999999997e+001	  1.6192450922460812e+008	
  5.7745001000000002e+001	  1.6174979400854343e+008	
  5.7941000000000003e+001	  1.6163021114954805e+008	
  5.8142000000000003e+001	  1.6152227597162363e+008	
  5.8351998999999999e+001	  1.6171174491704488e+008	
  5.8540998000000002e+001	  1.6145782546969756e+008	
  5.8745001000000002e+001	  1.6145238988519776e+008	
  5.8954000000000001e+001	  1.6141977637819901e+008	
  5.9143000000000001e+001	  1.6144307174034098e+008	
  5.9344000000000001e+001	  1.6132737144170257e+008	
  5.9543000999999997e+001	  1.6134989029177314e+008	
  5.9746000000000002e+001	  1.6122875440863496e+008	
  5.9943998000000001e+001	  1.6137473867805791e+008	
  6.0143999000000001e+001	  1.6115265622563788e+008	
  6.0344000000000001e+001	  1.6121322416720697e+008	
  6.0544001000000002e+001	  1.6113557296006712e+008	
  6.0747000000000000e+001	  1.6108432316335481e+008	
  6.0946001000000003e+001	  1.6118526973263663e+008	
  6.1143999000000001e+001	  1.6108665269956902e+008	
  6.1344000000000001e+001	  1.6109441782028300e+008	
  6.1544001000000002e+001	  1.6090417236279032e+008	
  6.1747000000000000e+001	  1.6106723989778405e+008	
  6.1943998000000001e+001	  1.6090106631450474e+008	
  6.2143999000000001e+001	  1.6081564998665091e+008	
  6.2344000000000001e+001	  1.6083583930050728e+008	
  6.2545000000000002e+001	  1.6081564998665091e+008	
  6.2747999000000000e+001	  1.6057803729280293e+008	
  6.2943998000000001e+001	  1.6076051762958160e+008	
  6.3144003000000005e+001	  1.6073178668293986e+008	
  6.3346998000000006e+001	  1.6060521521530187e+008	
  6.3543996999999997e+001	  1.6049883306152028e+008	
  6.3748999000000005e+001	  1.6050659818223426e+008	
  6.3964002999999998e+001	  1.6050038608566308e+008	
  6.4146002000000010e+001	  1.6047243165109274e+008	
  6.4344999000000001e+001	  1.6047243165109274e+008	
  6.4544996000000012e+001	  1.6057104868416035e+008	
  6.4747000000000000e+001	  1.6039089788359585e+008	
  6.4945997000000006e+001	  1.6037148508181089e+008	
  6.5145002000000005e+001	  1.6034508367138332e+008	
  6.5345999000000006e+001	  1.6034896623174036e+008	
  6.5546003000000013e+001	  1.6022161825203094e+008	
  6.5747000000000000e+001	  1.6029771643502802e+008	
  6.5945997000000006e+001	  1.6018046311224684e+008	
  6.6146002000000010e+001	  1.6008961119989321e+008	
  6.6346998000000013e+001	  1.6010980051374957e+008	
  6.6546003000000013e+001	  1.6008728166367900e+008	
  6.6748999000000012e+001	  1.6008184607917923e+008	
  6.6945997000000006e+001	  1.6009504678439298e+008	
  6.7147001000000003e+001	  1.6003214930660972e+008	
  6.7346998000000013e+001	  1.5986752874747321e+008	
  6.7546003000000013e+001	  1.5997546392539763e+008	
  6.7755003000000002e+001	  1.5979143056447616e+008	
  6.7945997000000006e+001	  1.5976735869026279e+008	
  6.8147001000000003e+001	  1.5998322904611161e+008	
  6.8351004000000003e+001	  1.5983180919218886e+008	
  6.8547003000000004e+001	  1.5968194236240894e+008	
  6.8750997000000012e+001	  1.5971766191769326e+008	
  6.8951002000000003e+001	  1.5970989679697928e+008	
  6.9140997000000013e+001	  1.5971999145390749e+008	
  6.9342001000000010e+001	  1.5974406332812083e+008	
  6.9540998000000002e+001	  1.5964001071055341e+008	
  6.9744001000000011e+001	  1.5961360930012587e+008	
  6.9942999000000000e+001	  1.5966252956062394e+008	
  7.0140997000000013e+001	  1.5958099579312712e+008	
  7.0342001000000010e+001	  1.5953362855677179e+008	
  7.0541998000000007e+001	  1.5951110970670125e+008	
  7.0744001000000011e+001	  1.5944510618063235e+008	
  7.0941999000000010e+001	  1.5942802291506159e+008	
  7.1141996000000006e+001	  1.5943501152370417e+008	
  7.1343000000000004e+001	  1.5932319378542280e+008	
  7.1542997000000000e+001	  1.5925097816278270e+008	
  7.1745001000000002e+001	  1.5921370558335561e+008	
  7.1941999000000010e+001	  1.5911664157443076e+008	
  7.2144003000000012e+001	  1.5915313764178652e+008	
  7.2343000000000004e+001	  1.5915469066592932e+008	
  7.2541998000000007e+001	  1.5924398955414012e+008	
  7.2745001000000002e+001	  1.5914925508142951e+008	
  7.2942999000000000e+001	  1.5916400881078607e+008	
  7.3143003000000007e+001	  1.5909567574850300e+008	
  7.3343000000000004e+001	  1.5892173704450971e+008	
  7.3542997000000000e+001	  1.5904442595179069e+008	
  7.3746000000000009e+001	  1.5896522172050801e+008	
  7.3952002000000007e+001	  1.5903510780693388e+008	
  7.4144003000000012e+001	  1.5892872565315229e+008	
  7.4344999000000001e+001	  1.5887825236851138e+008	
  7.4542997000000000e+001	  1.5892717262900949e+008	
  7.4746000000000009e+001	  1.5879438906480032e+008	
  7.4943998000000008e+001	  1.5889300609786797e+008	
  7.5144003000000012e+001	  1.5872838553873146e+008	
  7.5344000000000008e+001	  1.5888368795301118e+008	
  7.5542997000000000e+001	  1.5865772294023418e+008	
  7.5746000000000009e+001	  1.5876565811815858e+008	
  7.5943998000000008e+001	  1.5874313926808804e+008	
  7.6143003000000007e+001	  1.5862976850566384e+008	
  7.6344999000000001e+001	  1.5869577203173271e+008	
  7.6543997000000005e+001	  1.5853503403295320e+008	
  7.6746000000000009e+001	  1.5856143544338077e+008	
  7.6944998000000012e+001	  1.5838128464281628e+008	
  7.7146002000000010e+001	  1.5837196649795949e+008	
  7.7344000000000008e+001	  1.5824850107860711e+008	
  7.7544996000000012e+001	  1.5824850107860711e+008	
  7.7747000000000000e+001	  1.5818793313703802e+008	
  7.7944998000000012e+001	  1.5843253443952858e+008	
  7.8145002000000005e+001	  1.5821433454746556e+008	
  7.8344999000000001e+001	  1.5824850107860711e+008	
  7.8544996000000012e+001	  1.5831683414089018e+008	
  7.8747999000000007e+001	  1.5838128464281628e+008	
  7.8954000000000008e+001	  1.5809086912811321e+008	
  7.9146002000000010e+001	  1.5821977013196540e+008	
  7.9345999000000006e+001	  1.5836808393760249e+008	
  7.9546003000000013e+001	  1.5806990330218545e+008	
  7.9748999000000012e+001	  1.5810251680918419e+008	
  7.9945997000000006e+001	  1.5813668334032571e+008	
  8.0146002000000010e+001	  1.5806446771768564e+008	
  8.0346998000000013e+001	  1.5796196812426102e+008	
  8.0546003000000013e+001	  1.5807378586254242e+008	
  8.0748999000000012e+001	  1.5793556671383348e+008	
  8.0945997000000006e+001	  1.5797905138983181e+008	
  8.1146002000000010e+001	  1.5790761227926314e+008	
  8.1346998000000013e+001	  1.5776706359434000e+008	
  8.1547003000000004e+001	  1.5798914604675999e+008	
  8.1748999000000012e+001	  1.5786568062740761e+008	
  8.1946997000000010e+001	  1.5777249917883977e+008	
  8.2147001000000003e+001	  1.5766999958541515e+008	
  8.2346998000000013e+001	  1.5761874978870288e+008	
  8.2548002000000011e+001	  1.5784626782562265e+008	
  8.2749998000000005e+001	  1.5767776470612913e+008	
  8.2945997000000006e+001	  1.5765912841641560e+008	
  8.3147001000000003e+001	  1.5763039746977383e+008	
  8.3346998000000013e+001	  1.5752246229184943e+008	
  8.3547003000000004e+001	  1.5765524585605860e+008	
  8.3749998000000005e+001	  1.5743859898813835e+008	
  8.3954000000000008e+001	  1.5748984878485069e+008	
  8.4146002000000010e+001	  1.5738191360692626e+008	
  8.4346998000000013e+001	  1.5752401531599224e+008	
  8.4546003000000013e+001	  1.5723437631336054e+008	
  8.4751997000000003e+001	  1.5741219757771081e+008	
  8.4946997000000010e+001	  1.5718700907700521e+008	
  8.5148001000000008e+001	  1.5740831501735383e+008	
  8.5346998000000013e+001	  1.5731979264121440e+008	
  8.5546003000000013e+001	  1.5730037983942944e+008	
  8.5749998000000005e+001	  1.5705966109729588e+008	
  8.5948004000000012e+001	  1.5703714224722531e+008	
  8.6147001000000003e+001	  1.5703869527136809e+008	
  8.6346998000000013e+001	  1.5700452874022654e+008	
  8.6547003000000004e+001	  1.5711634647850797e+008	
  8.6747999000000007e+001	  1.5699132803501278e+008	
  8.6946997000000010e+001	  1.5702394154201150e+008	
  8.7148001000000008e+001	  1.5691367682787293e+008	
  8.7346998000000013e+001	  1.5690280565887332e+008	
  8.7547003000000004e+001	  1.5705577853693888e+008	
  8.7750997000000012e+001	  1.5690435868301612e+008	
  8.7949003000000005e+001	  1.5698200989015597e+008	
  8.8148001000000008e+001	  1.5692920706930089e+008	
  8.8347998000000004e+001	  1.5683447259659025e+008	
  8.8548002000000011e+001	  1.5695017289522865e+008	
  8.8750997000000012e+001	  1.5682282491551927e+008	
  8.8956999000000010e+001	  1.5688727541744536e+008	
  8.9151998000000006e+001	  1.5682670747587627e+008	
  8.9349997000000002e+001	  1.5678089326366374e+008	
  8.9549002000000002e+001	  1.5662403782524124e+008	
  8.9750997000000012e+001	  1.5663723853045502e+008	
  8.9949003000000005e+001	  1.5677002209466419e+008	
  9.0149000000000001e+001	  1.5662015526488423e+008	
  9.0349997000000002e+001	  1.5657667058888593e+008	
  9.0550001000000009e+001	  1.5655337522674397e+008	
  9.0750997000000012e+001	  1.5640195537282124e+008	
  9.0950003000000009e+001	  1.5641360305389223e+008	
  9.1149000000000001e+001	  1.5642835678324878e+008	
  9.1349997000000002e+001	  1.5636778884167969e+008	
  9.1550001000000009e+001	  1.5644388702467674e+008	
  9.1750997000000012e+001	  1.5637322442617950e+008	
  9.1950003000000009e+001	  1.5634138743125215e+008	
  9.2149000000000001e+001	  1.5642835678324878e+008	
  9.2349997000000002e+001	  1.5633206928639537e+008	
  9.2550001000000009e+001	  1.5625597110339829e+008	
  9.2752996000000010e+001	  1.5631265648461038e+008	
  9.2950003000000009e+001	  1.5620705084290019e+008	
  9.3150000000000006e+001	  1.5620472130668598e+008	
  9.3351004000000003e+001	  1.5614415336511689e+008	
  9.3552000000000007e+001	  1.5618608501697242e+008	
  9.3751997000000003e+001	  1.5614803592547390e+008	
  9.3950003000000009e+001	  1.5607582030283383e+008	
  9.4150000000000006e+001	  1.5601913492162174e+008	
  9.4349997000000002e+001	  1.5606650215797707e+008	
  9.4550001000000009e+001	  1.5599816909569398e+008	
  9.4751997000000003e+001	  1.5592207091269690e+008	
  9.4950003000000009e+001	  1.5583121900034329e+008	
  9.5150999000000013e+001	  1.5591275276784012e+008	
  9.5351004000000003e+001	  1.5573648452763265e+008	
  9.5550001000000009e+001	  1.5594536627483886e+008	
  9.5752996000000010e+001	  1.5581025317441550e+008	
  9.5952002000000007e+001	  1.5575745035356039e+008	
  9.6150000000000006e+001	  1.5577841617948818e+008	
  9.6352003000000011e+001	  1.5574968523284641e+008	
  9.6552000000000007e+001	  1.5570231799649110e+008	
  9.6752996000000010e+001	  1.5583510156070027e+008	
  9.6951002000000003e+001	  1.5561534864449444e+008	
  9.7150999000000013e+001	  1.5559826537892368e+008	
  9.7351004000000003e+001	  1.5546936437507153e+008	
  9.7551001000000014e+001	  1.5542199713871619e+008	
  9.7764997000000008e+001	  1.5550353090621305e+008	
  9.7952002000000007e+001	  1.5556409884778214e+008	
  9.8152998000000011e+001	  1.5539326619207445e+008	
  9.8352003000000011e+001	  1.5552216719592661e+008	
  9.8557997000000000e+001	  1.5544684552500096e+008	
  9.8768003000000007e+001	  1.5537074734200391e+008	
  9.8954000000000008e+001	  1.5536531175750411e+008	
  9.9152998000000011e+001	  1.5525892960372248e+008	
  9.9353003000000001e+001	  1.5534589895571914e+008	
  9.9552999000000000e+001	  1.5514478232922691e+008	
  9.9756002000000009e+001	  1.5517894886036843e+008	
  9.9953001000000000e+001	  1.5516031257065487e+008	
  1.0015299800000001e+002	  1.5512769906365612e+008	
  1.0035400200000001e+002	  1.5509741509287158e+008	
  1.0055200000000001e+002	  1.5513779372058430e+008	
  1.0075600200000001e+002	  1.5509586206872880e+008	
  1.0095400000000001e+002	  1.5499724503566116e+008	
  1.0115299800000001e+002	  1.5502364644608870e+008	
  1.0135500100000000e+002	  1.5495143082344866e+008	
  1.0155299900000000e+002	  1.5506557809794423e+008	
  1.0175600200000001e+002	  1.5498016177009040e+008	
  1.0195400000000001e+002	  1.5493434755787787e+008	
  1.0215299800000001e+002	  1.5485669635073802e+008	
  1.0235400200000001e+002	  1.5488698032152256e+008	
  1.0255399900000000e+002	  1.5495919594416264e+008	
  1.0275600200000001e+002	  1.5484970774209541e+008	
  1.0295400000000001e+002	  1.5485902588695222e+008	
  1.0315399700000000e+002	  1.5489086288187954e+008	
  1.0335400200000001e+002	  1.5479612840916890e+008	
  1.0356300200000001e+002	  1.5478292770395514e+008	
  1.0375600200000001e+002	  1.5473167790724283e+008	
  1.0395500000000001e+002	  1.5470682952095810e+008	
  1.0415399700000000e+002	  1.5464626157938901e+008	
  1.0435400200000001e+002	  1.5468275764674473e+008	
  1.0455399900000000e+002	  1.5461442458446166e+008	
  1.0476100000000001e+002	  1.5469207579160151e+008	
  1.0495400000000001e+002	  1.5465402670010298e+008	
  1.0515499700000001e+002	  1.5469207579160151e+008	
  1.0535500100000000e+002	  1.5466567438117397e+008	
  1.0555399900000000e+002	  1.5458181107746291e+008	
  1.0575800100000001e+002	  1.5450260684618023e+008	
  1.0595400000000001e+002	  1.5452357267210802e+008	
  1.0615499700000001e+002	  1.5450260684618023e+008	
  1.0635500100000000e+002	  1.5450648940653723e+008	
  1.0655499800000001e+002	  1.5450260684618023e+008	
  1.0675900100000001e+002	  1.5454220896182162e+008	
  1.0695500000000001e+002	  1.5453289081696478e+008	
  1.0715499700000001e+002	  1.5454376198596439e+008	
  1.0735600100000001e+002	  1.5431080836454481e+008	
  1.0755599800000000e+002	  1.5434885745604333e+008	
  1.0776199900000000e+002	  1.5437914142682788e+008	
  1.0795500000000001e+002	  1.5433332721461535e+008	
  1.0815599600000000e+002	  1.5441486098211223e+008	
  1.0835600100000001e+002	  1.5444747448911098e+008	
  1.0856400100000000e+002	  1.5417103619169307e+008	
  1.0876499700000001e+002	  1.5424092227811894e+008	
  1.0895899800000001e+002	  1.5419899062626341e+008	
  1.0915700300000000e+002	  1.5404135867576951e+008	
  1.0935600100000001e+002	  1.5425955856783250e+008	
  1.0955599800000000e+002	  1.5413997570883712e+008	
  1.0975700200000000e+002	  1.5402116936191311e+008	
  1.0995599900000001e+002	  1.5408329032762504e+008	
  1.1015599600000000e+002	  1.5409260847248179e+008	
  1.1035600100000001e+002	  1.5403592309126970e+008	
  1.1055599800000000e+002	  1.5398700283077157e+008	
  1.1075800100000001e+002	  1.5414774082955110e+008	
  1.1095599900000001e+002	  1.5407552520691103e+008	
  1.1115599600000000e+002	  1.5407940776726800e+008	
  1.1135600100000001e+002	  1.5402505192227012e+008	
  1.1155599800000000e+002	  1.5393963559441626e+008	
  1.1175900100000001e+002	  1.5390158650291771e+008	
  1.1195699900000001e+002	  1.5395050676341584e+008	
  1.1215599600000000e+002	  1.5375948479385179e+008	
  1.1235700000000001e+002	  1.5389615091841796e+008	
  1.1255699700000001e+002	  1.5385421926656243e+008	
  1.1275700200000000e+002	  1.5400952168084213e+008	
  1.1295599900000001e+002	  1.5376492037835160e+008	
  1.1315599600000000e+002	  1.5378200364392236e+008	
  1.1335700000000001e+002	  1.5370590546092528e+008	
  1.1358000000000001e+002	  1.5371600011785346e+008	
  1.1375800100000001e+002	  1.5371211755749646e+008	
  1.1395599900000001e+002	  1.5375560223349479e+008	
  1.1415700300000000e+002	  1.5373308338342422e+008	
  1.1435800000000000e+002	  1.5370046987642550e+008	
  1.1455699700000001e+002	  1.5358088701743013e+008	
  1.1476000000000001e+002	  1.5365310264007020e+008	
  1.1495999700000000e+002	  1.5371755314199629e+008	
  1.1515700300000000e+002	  1.5372143570235327e+008	
  1.1535700000000001e+002	  1.5370435243678251e+008	
  1.1555699700000001e+002	  1.5368882219535452e+008	
  1.1576000000000001e+002	  1.5356225072771654e+008	
  1.1595699900000001e+002	  1.5363446635035661e+008	
  1.1615700300000000e+002	  1.5352963722071782e+008	
  1.1635800000000000e+002	  1.5355603863114533e+008	
  1.1655699700000001e+002	  1.5348848208093369e+008	
  1.1675900100000001e+002	  1.5352575466036081e+008	
  1.1696300300000000e+002	  1.5344266786872116e+008	
  1.1716000200000001e+002	  1.5355836816735956e+008	
  1.1735800000000000e+002	  1.5355293258285975e+008	
  1.1755799700000000e+002	  1.5347139881536290e+008	
  1.1776000000000001e+002	  1.5338598248750907e+008	
  1.1796099700000001e+002	  1.5334249781151074e+008	
  1.1816100100000001e+002	  1.5338598248750907e+008	
  1.1835899900000001e+002	  1.5332929710629699e+008	
  1.1855799700000000e+002	  1.5341781948243642e+008	
  1.1877500000000001e+002	  1.5331764942522597e+008	
  1.1896099700000001e+002	  1.5326639962851366e+008	
  1.1915800300000001e+002	  1.5332541454593995e+008	
  1.1935800000000000e+002	  1.5324776333880013e+008	
  1.1955799700000000e+002	  1.5323999821808612e+008	
  1.1976199900000000e+002	  1.5330056615965521e+008	
  1.1996099700000001e+002	  1.5323611565772912e+008	
  1.2015900200000000e+002	  1.5333628571493956e+008	
  1.2035899900000001e+002	  1.5311497977459094e+008	
  1.2055900400000000e+002	  1.5320194912658760e+008	
  1.2075900100000001e+002	  1.5322835053701517e+008	
  1.2095799800000000e+002	  1.5311886233494791e+008	
  1.2115800300000001e+002	  1.5319263098173082e+008	
  1.2135999900000000e+002	  1.5315225235401809e+008	
  1.2155900400000000e+002	  1.5312041535909075e+008	
  1.2176199900000000e+002	  1.5309789650902018e+008	
  1.2195899800000001e+002	  1.5313361606430450e+008	
  1.2215900200000000e+002	  1.5305441183302185e+008	
  1.2236099800000001e+002	  1.5304664671230787e+008	
  1.2255900400000000e+002	  1.5308780185209200e+008	
  1.2276199900000000e+002	  1.5299306737938139e+008	
  1.2295899800000001e+002	  1.5296511294481105e+008	
  1.2315900200000000e+002	  1.5304819973645067e+008	
  1.2335999900000000e+002	  1.5290609802738473e+008	
  1.2356000300000001e+002	  1.5301636274152330e+008	
  1.2377000200000001e+002	  1.5296123038445401e+008	
  1.2395899800000001e+002	  1.5294414711888325e+008	
  1.2416000200000001e+002	  1.5302956344673711e+008	
  1.2436299700000001e+002	  1.5307071858652124e+008	
  1.2456000300000001e+002	  1.5282068169953090e+008	
  1.2476100000000001e+002	  1.5308780185209200e+008	
  1.2496500200000001e+002	  1.5293094641366947e+008	
  1.2516000200000001e+002	  1.5291386314809868e+008	
  1.2535899900000001e+002	  1.5298219621038178e+008	
  1.2556400100000000e+002	  1.5286416637552920e+008	
  1.2576399800000000e+002	  1.5293482897402647e+008	
  1.2596099700000001e+002	  1.5298219621038178e+008	
  1.2616300000000001e+002	  1.5290998058774170e+008	
  1.2636199800000000e+002	  1.5288357917731416e+008	
  1.2655900400000000e+002	  1.5281291657881686e+008	
  1.2676299899999999e+002	  1.5276943190281856e+008	
  1.2696099700000001e+002	  1.5278107958388954e+008	
  1.2715899500000002e+002	  1.5281136355467409e+008	
  1.2736599500000001e+002	  1.5273759490789121e+008	
  1.2756199500000001e+002	  1.5265994370075136e+008	
  1.2776400600000001e+002	  1.5269566325603569e+008	
  1.2796099700000001e+002	  1.5269178069567871e+008	
  1.2816000199999999e+002	  1.5262189460925284e+008	
  1.2835999899999999e+002	  1.5260092878332508e+008	
  1.2856100300000000e+002	  1.5261412948853883e+008	
  1.2877200099999999e+002	  1.5266382626110837e+008	
  1.2896000500000000e+002	  1.5254812596246994e+008	
  1.2916099399999999e+002	  1.5267469743010792e+008	
  1.2935999899999999e+002	  1.5254036084175599e+008	
  1.2956100300000000e+002	  1.5270109884053546e+008	
  1.2976100000000000e+002	  1.5258384551775429e+008	
  1.2996000500000000e+002	  1.5268246255082193e+008	
  1.3016200100000000e+002	  1.5258539854189709e+008	
  1.3035999899999999e+002	  1.5245649753804493e+008	
  1.3056100300000000e+002	  1.5266382626110837e+008	
  1.3076200699999998e+002	  1.5261257646439606e+008	
  1.3096299500000001e+002	  1.5267314440596512e+008	
  1.3116099399999999e+002	  1.5255744410732678e+008	
  1.3136100600000000e+002	  1.5239204703611884e+008	
  1.3156600799999998e+002	  1.5239204703611884e+008	
  1.3176200699999998e+002	  1.5246659219497311e+008	
  1.3196000500000000e+002	  1.5233924421526375e+008	
  1.3216500700000000e+002	  1.5236797516190550e+008	
  1.3236100600000000e+002	  1.5229964209962243e+008	
  1.3255999599999998e+002	  1.5238661145161906e+008	
  1.3276400599999999e+002	  1.5230119512376520e+008	
  1.3296200399999998e+002	  1.5226314603226668e+008	
  1.3316099399999999e+002	  1.5234467979976353e+008	
  1.3336500400000000e+002	  1.5236797516190550e+008	
  1.3356199500000000e+002	  1.5216685853541327e+008	
  1.3376699600000001e+002	  1.5232992607040697e+008	
  1.3396600100000001e+002	  1.5228411185819441e+008	
  1.3416099399999999e+002	  1.5221966135626835e+008	
  1.3436100600000000e+002	  1.5221966135626835e+008	
  1.3456100300000000e+002	  1.5212492688355774e+008	
  1.3476200699999998e+002	  1.5221577879591137e+008	
  1.3496299500000001e+002	  1.5215754039055645e+008	
  1.3516200100000000e+002	  1.5207600662305963e+008	
  1.3536300499999999e+002	  1.5214045712498569e+008	
  1.3556199500000000e+002	  1.5206280591784585e+008	
  1.3576600499999998e+002	  1.5223286206148213e+008	
  1.3596400299999999e+002	  1.5221422577176857e+008	
  1.3616200100000000e+002	  1.5207755964720240e+008	
  1.3636199800000000e+002	  1.5189585582249513e+008	
  1.3656199500000000e+002	  1.5210629059384418e+008	
  1.3676400599999999e+002	  1.5218937738548380e+008	
  1.3696400299999999e+002	  1.5206979452648842e+008	
  1.3716200100000000e+002	  1.5201932124184752e+008	
  1.3736199800000000e+002	  1.5201155612113354e+008	
  1.3756500000000000e+002	  1.5198670773484877e+008	
  1.3776400599999999e+002	  1.5195487073992142e+008	
  1.3796400299999999e+002	  1.5198127215034899e+008	
  1.3816700499999999e+002	  1.5200379100041953e+008	
  1.3836199800000000e+002	  1.5193157537777948e+008	
  1.3856300199999998e+002	  1.5192613979327968e+008	
  1.3877700600000000e+002	  1.5204339311606088e+008	
  1.3895800599999998e+002	  1.5183684090506884e+008	
  1.3915600400000000e+002	  1.5188265511728138e+008	
  1.3935600099999999e+002	  1.5190517396735194e+008	
  1.3955700500000000e+002	  1.5185004161028263e+008	
  1.3975900099999998e+002	  1.5179879181357032e+008	
  1.3995600700000000e+002	  1.5187877255692437e+008	
  1.4015699599999999e+002	  1.5176462528242880e+008	
  1.4035600099999999e+002	  1.5171337548571646e+008	
  1.4055700500000000e+002	  1.5178170854799956e+008	
  1.4076100000000000e+002	  1.5173434131164423e+008	
  1.4095600700000000e+002	  1.5180655693428433e+008	
  1.4115699599999999e+002	  1.5173278828750145e+008	
  1.4135600099999999e+002	  1.5178170854799956e+008	
  1.4155700500000000e+002	  1.5175142457721499e+008	
  1.4175900099999998e+002	  1.5162640613371980e+008	
  1.4195600700000000e+002	  1.5159612216293529e+008	
  1.4215699599999999e+002	  1.5173278828750145e+008	
  1.4235699299999999e+002	  1.5167377337007514e+008	
  1.4255599799999999e+002	  1.5167765593043214e+008	
  1.4275900099999998e+002	  1.5181043949464127e+008	
  1.4295899799999998e+002	  1.5160776984400627e+008	
  1.4315699599999999e+002	  1.5157515633700752e+008	
  1.4335900699999999e+002	  1.5161165240436327e+008	
  1.4355700500000000e+002	  1.5162640613371980e+008	
  1.4376299899999998e+002	  1.5156583819215074e+008	
  1.4395800599999998e+002	  1.5147886884015408e+008	
  1.4415800299999998e+002	  1.5161320542850605e+008	
  1.4435699299999999e+002	  1.5142917206758460e+008	
  1.4455799700000000e+002	  1.5147498627979711e+008	
  1.4475900099999998e+002	  1.5137403971051529e+008	
  1.4495800599999998e+002	  1.5165125452000457e+008	
  1.4515800299999998e+002	  1.5145557347801211e+008	
  1.4535800000000000e+002	  1.5146566813494030e+008	
  1.4555799700000000e+002	  1.5135928598115870e+008	
  1.4575999299999998e+002	  1.5143538416415578e+008	
  1.4596299500000001e+002	  1.5145945603836912e+008	
  1.4616099399999999e+002	  1.5148974000915363e+008	
  1.4635800000000000e+002	  1.5132511945001715e+008	
  1.4655900399999999e+002	  1.5132511945001715e+008	
  1.4676100000000000e+002	  1.5141830089858499e+008	
  1.4695699900000000e+002	  1.5123815009802052e+008	
  1.4715800299999998e+002	  1.5134608527594495e+008	
  1.4736199800000000e+002	  1.5139500553644305e+008	
  1.4755799700000000e+002	  1.5132900201037416e+008	
  1.4776200699999998e+002	  1.5122494939280674e+008	
  1.4795800599999998e+002	  1.5112788538388190e+008	
  1.4815800299999998e+002	  1.5123426753766352e+008	
  1.4835800000000000e+002	  1.5114108608909571e+008	
  1.4855999599999998e+002	  1.5128551733437583e+008	
  1.4877000200000001e+002	  1.5115661633052367e+008	
  1.4895800599999998e+002	  1.5118301774095121e+008	
  1.4915699599999999e+002	  1.5129638850337541e+008	
  1.4935699299999999e+002	  1.5123426753766352e+008	
  1.4955700500000000e+002	  1.5122494939280674e+008	
  1.4975700200000000e+002	  1.5111623770281094e+008	
  1.4995699900000000e+002	  1.5102538579045728e+008	
  1.5015600400000000e+002	  1.5111080211831117e+008	
  1.5035800000000000e+002	  1.5103858649567106e+008	
  1.5055700500000000e+002	  1.5108828326824060e+008	
  1.5075700200000000e+002	  1.5106188185781303e+008	
  1.5095699900000000e+002	  1.5094229899881765e+008	
  1.5115899500000000e+002	  1.5109604838895458e+008	
  1.5135699299999999e+002	  1.5097413599374500e+008	
  1.5155700500000000e+002	  1.5095938226438841e+008	
  1.5175900099999998e+002	  1.5090968549181890e+008	
  1.5195699900000000e+002	  1.5108051814752659e+008	
  1.5216200100000000e+002	  1.5110536653381136e+008	
  1.5235800000000000e+002	  1.5097413599374500e+008	
  1.5255700500000000e+002	  1.5091589758839011e+008	
  1.5275900099999998e+002	  1.5095549970403141e+008	
  1.5295699900000000e+002	  1.5101606764560053e+008	
  1.5315899500000000e+002	  1.5089260222624815e+008	
  1.5335800000000000e+002	  1.5100674950074375e+008	
  1.5355799700000000e+002	  1.5097646552995920e+008	
  1.5375999299999998e+002	  1.5107508256302685e+008	
  1.5395800599999998e+002	  1.5088328408139133e+008	
  1.5415800299999998e+002	  1.5087784849689159e+008	
  1.5435800000000000e+002	  1.5079010263282353e+008	
  1.5455799700000000e+002	  1.5080563287425151e+008	
  1.5475900099999998e+002	  1.5080175031389451e+008	
  1.5495800599999998e+002	  1.5072254608261186e+008	
  1.5515800299999998e+002	  1.5076370122239596e+008	
  1.5535800000000000e+002	  1.5074273539646822e+008	
  1.5555799700000000e+002	  1.5078311402418092e+008	
  1.5575900099999998e+002	  1.5065033045997179e+008	
  1.5595800599999998e+002	  1.5077534890346697e+008	
  1.5615899500000000e+002	  1.5061771695297304e+008	
  1.5635999899999999e+002	  1.5075283005339640e+008	
  1.5655799700000000e+002	  1.5047406221976429e+008	
  1.5676100000000000e+002	  1.5069769769632709e+008	
  1.5695899799999998e+002	  1.5075826563789618e+008	
  1.5715899500000000e+002	  1.5075671261375338e+008	
  1.5735699299999999e+002	  1.5080019728975171e+008	
  1.5755900399999999e+002	  1.5069226211182728e+008	
  1.5776100000000000e+002	  1.5053230062511921e+008	
  1.5795800599999998e+002	  1.5052531201647660e+008	
  1.5815800299999998e+002	  1.5063868277890080e+008	
  1.5835900699999999e+002	  1.5045697895419353e+008	
  1.5855799700000000e+002	  1.5054394830619016e+008	
  1.5876699600000001e+002	  1.5059131554254547e+008	
  1.5895899799999998e+002	  1.5042281242305201e+008	
  1.5915899500000000e+002	  1.5050978177504864e+008	
  1.5936300499999999e+002	  1.5045309639383653e+008	
  1.5955799700000000e+002	  1.5042048288683778e+008	
  1.5975900099999998e+002	  1.5051366433540562e+008	
  1.5995899799999998e+002	  1.5047949780426410e+008	
  1.6015699599999999e+002	  1.5048726292497808e+008	
  1.6035699299999999e+002	  1.5040728218162400e+008	
  1.6055900399999999e+002	  1.5044921383347955e+008	
  1.6075900099999998e+002	  1.5035603238491172e+008	
  1.6095800599999998e+002	  1.5049658106983483e+008	
  1.6115800299999998e+002	  1.5034283167969793e+008	
  1.6135800000000000e+002	  1.5032963097448415e+008	
  1.6155799700000000e+002	  1.5031643026927039e+008	
  1.6176200699999998e+002	  1.5036379750562569e+008	
  1.6195699900000000e+002	  1.5035292633662611e+008	
  1.6215800299999998e+002	  1.5029391141919982e+008	
  1.6235800000000000e+002	  1.5032031282962736e+008	
  1.6255799700000000e+002	  1.5032963097448415e+008	
  1.6277000200000001e+002	  1.5042048288683778e+008	
  1.6296200399999998e+002	  1.5029391141919982e+008	
  1.6315899500000000e+002	  1.5025741535184407e+008	
  1.6335800000000000e+002	  1.5031254770891339e+008	
  1.6355900399999999e+002	  1.5035836192112592e+008	
  1.6376100000000000e+002	  1.5016268087913346e+008	
  1.6395899799999998e+002	  1.5014404458941990e+008	
  1.6415800299999998e+002	  1.5025586232770130e+008	
  1.6435999899999999e+002	  1.5004387453220946e+008	
  1.6455799700000000e+002	  1.5027682815362906e+008	
  1.6476100000000000e+002	  1.5016656343949044e+008	
  1.6496000500000000e+002	  1.5013239690834889e+008	
  1.6515800299999998e+002	  1.4999417775963998e+008	
  1.6535900699999999e+002	  1.5012696132384914e+008	
  1.6556100300000000e+002	  1.5008114711163661e+008	
  1.6576200699999998e+002	  1.5006251082192302e+008	
  1.6596099699999999e+002	  1.4994681052328467e+008	
  1.6616000199999999e+002	  1.4975345901750639e+008	
  1.6635900699999999e+002	  1.4979150810900491e+008	
  1.6655999599999998e+002	  1.4984431092986006e+008	
  1.6676200699999998e+002	  1.4980315579007590e+008	
  1.6696000500000000e+002	  1.4989789026278654e+008	
  1.6716000199999999e+002	  1.4987459490064457e+008	
  1.6735900699999999e+002	  1.4968357293108052e+008	
  1.6756199500000000e+002	  1.4994292796292764e+008	
  1.6776400599999999e+002	  1.4986915931614476e+008	
  1.6795899799999998e+002	  1.4983343976086044e+008	
  1.6816000199999999e+002	  1.4983887534536022e+008	
  1.6835999899999999e+002	  1.4966027756893855e+008	
  1.6855900399999999e+002	  1.4976122413822037e+008	
  1.6877000200000001e+002	  1.4976898925893435e+008	
  1.6896400299999999e+002	  1.4969056153972310e+008	
  1.6916000199999999e+002	  1.4981946254357526e+008	
  1.6935999899999999e+002	  1.4963232313436818e+008	
  1.6956100300000000e+002	  1.4958883845836988e+008	
  1.6976200699999998e+002	  1.4968745549143752e+008	
  1.6996000500000000e+002	  1.4962611103779700e+008	
  1.7016000199999999e+002	  1.4967736083450931e+008	
  1.7035999899999999e+002	  1.4965095942408180e+008	
  1.7055999599999998e+002	  1.4958107333765593e+008	
  1.7076299899999998e+002	  1.4960203916358367e+008	
  1.7096000500000000e+002	  1.4965717152065298e+008	
  1.7116000199999999e+002	  1.4947702072008848e+008	
  1.7135999899999999e+002	  1.4964008825508219e+008	
  1.7156100300000000e+002	  1.4967580781036651e+008	
  1.7175999299999998e+002	  1.4957719077729890e+008	
  1.7196200399999998e+002	  1.4964552383958200e+008	
  1.7216299200000000e+002	  1.4963232313436818e+008	
  1.7235999899999999e+002	  1.4972472807086462e+008	
  1.7256300199999998e+002	  1.4964707686372480e+008	
  1.7276200699999998e+002	  1.4948245630458829e+008	
  1.7296000500000000e+002	  1.4955078936687136e+008	
  1.7316099399999999e+002	  1.4942965348373318e+008	
  1.7336300499999999e+002	  1.4934035459552234e+008	
  1.7356100300000000e+002	  1.4950497515465882e+008	
  1.7376400599999999e+002	  1.4944984279758954e+008	
  1.7396000500000000e+002	  1.4938927485602045e+008	
  1.7416000199999999e+002	  1.4951118725123003e+008	
  1.7436100600000000e+002	  1.4956166053587094e+008	
  1.7455999599999998e+002	  1.4944673674930394e+008	
  1.7476499699999999e+002	  1.4952205842022961e+008	
  1.7496099699999999e+002	  1.4950885771501580e+008	
  1.7516000199999999e+002	  1.4944984279758954e+008	
  1.7536199800000000e+002	  1.4947469118387428e+008	
  1.7556199500000000e+002	  1.4950342213051602e+008	
  1.7576200699999998e+002	  1.4939859300087723e+008	
  1.7596099699999999e+002	  1.4947857374423131e+008	
  1.7616099399999999e+002	  1.4937607415080670e+008	
  1.7636100600000000e+002	  1.4935355530073610e+008	
  1.7656100300000000e+002	  1.4939548695259163e+008	
  1.7676200699999998e+002	  1.4933103645066553e+008	
  1.7696099699999999e+002	  1.4936520298180708e+008	
  1.7716200100000000e+002	  1.4926658594873944e+008	
  1.7736100600000000e+002	  1.4938228624737784e+008	
  1.7756300199999998e+002	  1.4927745711773905e+008	
  1.7776499699999999e+002	  1.4937063856630686e+008	
  1.7796099699999999e+002	  1.4925493826766849e+008	
  1.7816200100000000e+002	  1.4932715389030856e+008	
  1.7836100600000000e+002	  1.4931007062473777e+008	
  1.7856100300000000e+002	  1.4924562012281170e+008	
  1.7877299299999999e+002	  1.4921533615202716e+008	
  1.7896299500000001e+002	  1.4922232476066974e+008	
  1.7916200100000000e+002	  1.4912759028795913e+008	
  1.7936199800000000e+002	  1.4919592335024220e+008	
  1.7955900399999999e+002	  1.4919204078988519e+008	
  1.7976200699999998e+002	  1.4924173756245470e+008	
  1.7996400299999999e+002	  1.4922620732102674e+008	
  1.8016299200000000e+002	  1.4926037385216826e+008	
  1.8035999899999999e+002	  1.4923008988138372e+008	
  1.8055999599999998e+002	  1.4925338524352568e+008	
  1.8076200699999998e+002	  1.4930230550402379e+008	
  1.8096000500000000e+002	  1.4914079099317291e+008	
  1.8116399999999999e+002	  1.4915476821045807e+008	
  1.8136100600000000e+002	  1.4910351841374576e+008	
  1.8156100300000000e+002	  1.4900257184446394e+008	
  1.8176299899999998e+002	  1.4899713625996414e+008	
  1.8196299500000001e+002	  1.4897772345817918e+008	
  1.8216099399999999e+002	  1.4898005299439338e+008	
  1.8235999899999999e+002	  1.4907867002746099e+008	
  1.8256100300000000e+002	  1.4900101882032114e+008	
  1.8276499699999999e+002	  1.4903906791181967e+008	
  1.8296000500000000e+002	  1.4900645440482092e+008	
  1.8316099399999999e+002	  1.4898160601853621e+008	
  1.8336100600000000e+002	  1.4903906791181967e+008	
  1.8356100300000000e+002	  1.4905925722567603e+008	
  1.8376299899999998e+002	  1.4908798817231780e+008	
  1.8396999900000000e+002	  1.4890628434761050e+008	
  1.8416500700000000e+002	  1.4901965511003470e+008	
  1.8436199800000000e+002	  1.4904605652046227e+008	
  1.8455999599999998e+002	  1.4899868928410694e+008	
  1.8476299899999998e+002	  1.4894588646325183e+008	
  1.8496099699999999e+002	  1.4893812134253785e+008	
  1.8516000199999999e+002	  1.4898548857889315e+008	
  1.8536300499999999e+002	  1.4893812134253785e+008	
  1.8556100300000000e+002	  1.4891171993211028e+008	
  1.8576299899999998e+002	  1.4886590571989778e+008	
  1.8596499399999999e+002	  1.4886823525611198e+008	
  1.8616099399999999e+002	  1.4898005299439338e+008	
  1.8636100600000000e+002	  1.4870516772111827e+008	
  1.8656199500000000e+002	  1.4873389866776001e+008	
  1.8676299899999998e+002	  1.4881543243525687e+008	
  1.8696200399999998e+002	  1.4868031933483353e+008	
  1.8716500700000000e+002	  1.4887211781646898e+008	
  1.8736199800000000e+002	  1.4883950430947024e+008	
  1.8756100300000000e+002	  1.4874476983675960e+008	
  1.8777400000000000e+002	  1.4877893636790112e+008	
  1.8796699300000000e+002	  1.4871293284183225e+008	
  1.8816200100000000e+002	  1.4880922033868569e+008	
  1.8836599500000000e+002	  1.4868808445554751e+008	
  1.8856300199999998e+002	  1.4874865239711660e+008	
  1.8876499699999999e+002	  1.4882475058011365e+008	
  1.8897799499999999e+002	  1.4864848233990616e+008	
  1.8916299200000000e+002	  1.4881543243525687e+008	
  1.8936199800000000e+002	  1.4865935350890577e+008	
  1.8956699899999998e+002	  1.4863838768297800e+008	
  1.8976499699999999e+002	  1.4866944816583395e+008	
  1.8996200399999998e+002	  1.4873933425225982e+008	
  1.9016200100000000e+002	  1.4861819836912161e+008	
  1.9036199800000000e+002	  1.4867100118997672e+008	
  1.9056300199999998e+002	  1.4854598274648157e+008	
  1.9077000200000001e+002	  1.4862906953812122e+008	
  1.9096499399999999e+002	  1.4850016853426903e+008	
  1.9116200100000000e+002	  1.4855918345169532e+008	
  1.9136300499999999e+002	  1.4851336923948282e+008	
  1.9156300199999998e+002	  1.4854365321026736e+008	
  1.9176200699999998e+002	  1.4850638063084024e+008	
  1.9196499399999999e+002	  1.4856073647583812e+008	
  1.9216200100000000e+002	  1.4854210018612456e+008	
  1.9236199800000000e+002	  1.4843028244784316e+008	
  1.9256300199999998e+002	  1.4855763042755255e+008	
  1.9276299899999998e+002	  1.4861819836912161e+008	
  1.9296299500000001e+002	  1.4848308526869828e+008	
  1.9316500700000000e+002	  1.4864615280369198e+008	
  1.9336300499999999e+002	  1.4873545169190282e+008	
  1.9356300199999998e+002	  1.4861586883290747e+008	
  1.9377599899999998e+002	  1.4854210018612456e+008	
  1.9397100599999999e+002	  1.4862363395362142e+008	
  1.9416299200000000e+002	  1.4870905028147525e+008	
  1.9436300499999999e+002	  1.4858403183798006e+008	
  1.9456300199999998e+002	  1.4860266812769365e+008	
  1.9476499699999999e+002	  1.4857626671726611e+008	
  1.9496799999999999e+002	  1.4845280129791373e+008	
  1.9516399999999999e+002	  1.4855763042755255e+008	
  1.9536300499999999e+002	  1.4856073647583812e+008	
  1.9556399299999998e+002	  1.4857781974140888e+008	
  1.9576600499999998e+002	  1.4849628597391203e+008	
  1.9596299500000001e+002	  1.4847221409969869e+008	
  1.9616700499999999e+002	  1.4830293446813378e+008	
  1.9636399599999999e+002	  1.4854210018612456e+008	
  1.9656399299999998e+002	  1.4843960059269994e+008	
  1.9676499699999999e+002	  1.4833011239063275e+008	
  1.9696600100000001e+002	  1.4831846470956174e+008	
  1.9716399999999999e+002	  1.4837359706663108e+008	
  1.9736300499999999e+002	  1.4843571803234294e+008	
  1.9756399299999998e+002	  1.4830293446813378e+008	
  1.9776499699999999e+002	  1.4852889948091081e+008	
  1.9796999900000000e+002	  1.4835651380106032e+008	
  1.9816399999999999e+002	  1.4834486611998931e+008	
  1.9836300499999999e+002	  1.4847920270834130e+008	
  1.9856600799999998e+002	  1.4837747962698805e+008	
  1.9877500699999999e+002	  1.4845901339448491e+008	
  1.9897900199999998e+002	  1.4842096430298638e+008	
  1.9916299200000000e+002	  1.4833166541477555e+008	
  1.9936300499999999e+002	  1.4839611591670164e+008	
  1.9956199500000000e+002	  1.4828429817842022e+008	
  1.9976499699999999e+002	  1.4824857862313589e+008	
  1.9996200399999998e+002	  1.4836583194591707e+008	
  2.0016299200000000e+002	  1.4810958296235552e+008	
  2.0036500400000000e+002	  1.4821208255578014e+008	
  2.0056199500000000e+002	  1.4834486611998931e+008	
  2.0076499699999999e+002	  1.4827498003356344e+008	
  2.0096900700000000e+002	  1.4828041561806324e+008	
  2.0116500700000000e+002	  1.4836194938556010e+008	
  2.0136300499999999e+002	  1.4824624908692169e+008	
  2.0156699899999998e+002	  1.4825013164727870e+008	
  2.0176499699999999e+002	  1.4820121138678059e+008	
  2.0196499399999999e+002	  1.4825168467142153e+008	
  2.0216299200000000e+002	  1.4836350240970290e+008	
  2.0236399599999999e+002	  1.4824081350242192e+008	
  2.0256399299999998e+002	  1.4832390029406154e+008	
  2.0276899499999999e+002	  1.4810026481749877e+008	
  2.0296499399999999e+002	  1.4830914656470498e+008	
  2.0316399999999999e+002	  1.4815927973492506e+008	
  2.0336399599999999e+002	  1.4812511320378351e+008	
  2.0356500000000000e+002	  1.4813443134864032e+008	
  2.0376800299999999e+002	  1.4825944979213548e+008	
  2.0396400299999999e+002	  1.4818412812120980e+008	
  2.0416700499999999e+002	  1.4823304838170791e+008	
  2.0436300499999999e+002	  1.4804124990007246e+008	
  2.0456500000000000e+002	  1.4812278366756934e+008	
  2.0476600499999998e+002	  1.4814996159006825e+008	
  2.0496400299999999e+002	  1.4801096592928794e+008	
  2.0516399999999999e+002	  1.4810026481749877e+008	
  2.0536399599999999e+002	  1.4816316229528207e+008	
  2.0556300199999998e+002	  1.4807929899157101e+008	
  2.0576699600000001e+002	  1.4795971613257560e+008	
  2.0596600100000001e+002	  1.4796592822914681e+008	
  2.0616399999999999e+002	  1.4803193175521570e+008	
  2.0636700199999999e+002	  1.4801873105000192e+008	
  2.0656399299999998e+002	  1.4800397732064533e+008	
  2.0676699600000001e+002	  1.4810958296235552e+008	
  2.0696499399999999e+002	  1.4796592822914681e+008	
  2.0716500700000000e+002	  1.4802261361035892e+008	
  2.0736399599999999e+002	  1.4803581431557268e+008	
  2.0757299599999999e+002	  1.4797524637400359e+008	
  2.0776899499999999e+002	  1.4797369334986079e+008	
  2.0796499399999999e+002	  1.4802804919485870e+008	
  2.0816999600000000e+002	  1.4796359869293261e+008	
  2.0836700199999999e+002	  1.4788439446164995e+008	
  2.0856500000000000e+002	  1.4801873105000192e+008	
  2.0877000200000001e+002	  1.4788206492543575e+008	
  2.0896900700000000e+002	  1.4800009476028833e+008	
  2.0916500700000000e+002	  1.4793564425836226e+008	
  2.0936700199999999e+002	  1.4782149698386666e+008	
  2.0957000499999998e+002	  1.4778733045272514e+008	
  2.0976800299999999e+002	  1.4772132692665625e+008	
  2.0996600100000001e+002	  1.4786886422022197e+008	
  2.1016900400000000e+002	  1.4783702722529465e+008	
  2.1036599500000000e+002	  1.4783858024943745e+008	
  2.1056800600000000e+002	  1.4788827702200693e+008	
  2.1077200099999999e+002	  1.4796359869293261e+008	
  2.1096600100000001e+002	  1.4790303075136352e+008	
  2.1116500700000000e+002	  1.4787662934093595e+008	
  2.1136500400000000e+002	  1.4772909204737023e+008	
  2.1156699899999998e+002	  1.4772676251115605e+008	
  2.1176800299999999e+002	  1.4772676251115605e+008	
  2.1196999900000000e+002	  1.4774617531294101e+008	
  2.1216500700000000e+002	  1.4774617531294101e+008	
  2.1236599500000000e+002	  1.4772520948701322e+008	
  2.1256800600000000e+002	  1.4789526563064954e+008	
  2.1277000200000001e+002	  1.4791623145657730e+008	
  2.1296799999999999e+002	  1.4770424366108549e+008	
  2.1316500700000000e+002	  1.4773996321636981e+008	
  2.1336500400000000e+002	  1.4760717965216064e+008	
  2.1356600799999998e+002	  1.4780829627865288e+008	
  2.1376600499999998e+002	  1.4774384577672678e+008	
  2.1396799999999999e+002	  1.4764755827987337e+008	
  2.1416900400000000e+002	  1.4772132692665625e+008	
  2.1436500400000000e+002	  1.4771899739044204e+008	
  2.1456800600000000e+002	  1.4776092904229757e+008	
  2.1476800299999999e+002	  1.4768327783515769e+008	
  2.1496600100000001e+002	  1.4775161089744079e+008	
  2.1516900400000000e+002	  1.4762270989358863e+008	
  2.1536599500000000e+002	  1.4768327783515769e+008	
  2.1556600799999998e+002	  1.4761727430908883e+008	
  2.1577299299999999e+002	  1.4772909204737023e+008	
  2.1596799999999999e+002	  1.4761339174873182e+008	
  2.1616700499999999e+002	  1.4751244517945001e+008	
  2.1637099999999998e+002	  1.4757922521759030e+008	
  2.1656699899999998e+002	  1.4769880807658571e+008	
  2.1677200099999999e+002	  1.4759397894694686e+008	
  2.1697100599999999e+002	  1.4761339174873182e+008	
  2.1716700499999999e+002	  1.4753185798123500e+008	
  2.1736700199999999e+002	  1.4760329709180367e+008	
  2.1757200399999999e+002	  1.4759397894694686e+008	
  2.1776899499999999e+002	  1.4756757753651932e+008	
  2.1796999900000000e+002	  1.4760174406766087e+008	
  2.1816999600000000e+002	  1.4756369497616234e+008	
  2.1836700199999999e+002	  1.4754117612609175e+008	
  2.1856800600000000e+002	  1.4751244517945001e+008	
  2.1877799800000000e+002	  1.4748992632937944e+008	
  2.1896799999999999e+002	  1.4747284306380871e+008	
  2.1916799699999999e+002	  1.4744644165338114e+008	
  2.1936999299999999e+002	  1.4745187723788095e+008	
  2.1956899799999999e+002	  1.4744644165338114e+008	
  2.1976899499999999e+002	  1.4742392280331057e+008	
  2.1996699300000000e+002	  1.4747827864830846e+008	
  2.2016700499999999e+002	  1.4754661171059155e+008	
  2.2036599500000000e+002	  1.4755049427094856e+008	
  2.2056699899999998e+002	  1.4745187723788095e+008	
  2.2076800299999999e+002	  1.4738199115145504e+008	
  2.2096600100000001e+002	  1.4746352491895193e+008	
  2.2116799699999999e+002	  1.4750700959495023e+008	
  2.2136700199999999e+002	  1.4748449074487966e+008	
  2.2156699899999998e+002	  1.4745731282238072e+008	
  2.2177099400000000e+002	  1.4732685879438576e+008	
  2.2196900700000000e+002	  1.4736257834967011e+008	
  2.2216799699999999e+002	  1.4742004024295357e+008	
  2.2236999299999999e+002	  1.4731521111331478e+008	
  2.2257099700000001e+002	  1.4751477471566421e+008	
  2.2276899499999999e+002	  1.4746896050345170e+008	
  2.2297300500000000e+002	  1.4746507794309470e+008	
  2.2316599800000000e+002	  1.4754117612609175e+008	
  2.2336799399999998e+002	  1.4730045738395822e+008	
  2.2357200399999999e+002	  1.4737422603074107e+008	
  2.2377999699999998e+002	  1.4736646091002709e+008	
  2.2396999900000000e+002	  1.4724532502688891e+008	
  2.2417699999999999e+002	  1.4734549508409932e+008	
  2.2436700199999999e+002	  1.4719795779053360e+008	
  2.2456899799999999e+002	  1.4725464317174569e+008	
  2.2477599899999998e+002	  1.4721348803196156e+008	
  2.2496999900000000e+002	  1.4728492714253020e+008	
  2.2516799699999999e+002	  1.4711254146267971e+008	
  2.2537099999999998e+002	  1.4733074135474274e+008	
  2.2556800600000000e+002	  1.4714670799382126e+008	
  2.2577200099999999e+002	  1.4735170718067050e+008	
  2.2597300500000000e+002	  1.4726784387695947e+008	
  2.2616799699999999e+002	  1.4737655556695527e+008	
  2.2636799399999998e+002	  1.4731210506502917e+008	
  2.2657200399999999e+002	  1.4718631010946259e+008	
  2.2677099400000000e+002	  1.4728492714253020e+008	
  2.2697100599999999e+002	  1.4726240829245967e+008	
  2.2717100299999998e+002	  1.4713506031275028e+008	
  2.2736999299999999e+002	  1.4717310940424883e+008	
  2.2756899799999999e+002	  1.4722435920096114e+008	
  2.2777999699999998e+002	  1.4724532502688891e+008	
  2.2797100599999999e+002	  1.4713195426446468e+008	
  2.2816799699999999e+002	  1.4714127240932149e+008	
  2.2836999299999999e+002	  1.4718087452496281e+008	
  2.2856800600000000e+002	  1.4714282543346429e+008	
  2.2877099400000000e+002	  1.4715990869903505e+008	
  2.2897300500000000e+002	  1.4726085526831686e+008	
  2.2917699999999999e+002	  1.4704653793661085e+008	
  2.2936799399999998e+002	  1.4710710587817997e+008	
  2.2957299599999999e+002	  1.4718863964567679e+008	
  2.2977200099999999e+002	  1.4716223823524925e+008	
  2.2997100599999999e+002	  1.4713195426446468e+008	
  2.3017399399999999e+002	  1.4712030658339372e+008	
  2.3036799399999998e+002	  1.4718242754910558e+008	
  2.3056899799999999e+002	  1.4700460628475535e+008	
  2.3077700600000000e+002	  1.4717932150082001e+008	
  2.3096900700000000e+002	  1.4706750376253861e+008	
  2.3116999600000000e+002	  1.4711098843853694e+008	
  2.3137299899999999e+002	  1.4720727593539035e+008	
  2.3156899799999999e+002	  1.4704420840039667e+008	
  2.3177200099999999e+002	  1.4710477634196576e+008	
  2.3196999900000000e+002	  1.4692850810175830e+008	
  2.3216900400000000e+002	  1.4698907604332736e+008	
  2.3236999299999999e+002	  1.4700305326061255e+008	
  2.3257400300000000e+002	  1.4702013652618331e+008	
  2.3277299299999999e+002	  1.4703644327968267e+008	
  2.3297100599999999e+002	  1.4708458702810940e+008	
  2.3317199499999998e+002	  1.4701392442961210e+008	
  2.3336900100000000e+002	  1.4717543894046304e+008	
  2.3356899799999999e+002	  1.4710710587817997e+008	
  2.3376899499999999e+002	  1.4699140557954156e+008	
  2.3396999900000000e+002	  1.4688890598611695e+008	
  2.3417800699999998e+002	  1.4694559136732903e+008	
  2.3437299899999999e+002	  1.4698596999504176e+008	
  2.3457000499999998e+002	  1.4691375437240171e+008	
  2.3477000200000001e+002	  1.4679960709790608e+008	
  2.3496999900000000e+002	  1.4700460628475535e+008	
  2.3517399399999999e+002	  1.4695568602425721e+008	
  2.3536799399999998e+002	  1.4681669036347687e+008	
  2.3557400300000000e+002	  1.4675068683740798e+008	
  2.3577099400000000e+002	  1.4680737221862009e+008	
  2.3596999900000000e+002	  1.4683610316526183e+008	
  2.3617300200000000e+002	  1.4691918995690146e+008	
  2.3636900100000000e+002	  1.4679261848926350e+008	
  2.3656899799999999e+002	  1.4678640639269233e+008	
  2.3677400000000000e+002	  1.4680970175483429e+008	
  2.3697199799999999e+002	  1.4675068683740798e+008	
  2.3717100299999998e+002	  1.4671263774590945e+008	
  2.3737400599999998e+002	  1.4683222060490483e+008	
  2.3757000499999998e+002	  1.4685085689461842e+008	
  2.3777299299999999e+002	  1.4685706899118960e+008	
  2.3797500399999998e+002	  1.4673748613219422e+008	
  2.3816999600000000e+002	  1.4686250457568938e+008	
  2.3837099999999998e+002	  1.4679960709790608e+008	
  2.3857400300000000e+002	  1.4661790327319881e+008	
  2.3878199599999999e+002	  1.4679028895304930e+008	
  2.3897399700000000e+002	  1.4669555448033869e+008	
  2.3917800699999998e+002	  1.4672583845112321e+008	
  2.3937099999999998e+002	  1.4683765618940464e+008	
  2.3957699399999998e+002	  1.4687725830504593e+008	
  2.3977099400000000e+002	  1.4683610316526183e+008	
  2.3996999900000000e+002	  1.4667847121476793e+008	
  2.4017399399999999e+002	  1.4665750538884014e+008	
  2.4037099999999998e+002	  1.4662178583355582e+008	
  2.4057200399999999e+002	  1.4678252383233532e+008	
  2.4077200099999999e+002	  1.4673360357183725e+008	
  2.4096999900000000e+002	  1.4665750538884014e+008	
  2.4116999600000000e+002	  1.4667691819062513e+008	
  2.4137099999999998e+002	  1.4663498653876960e+008	
  2.4157000499999998e+002	  1.4659693744727108e+008	
  2.4177099400000000e+002	  1.4650763855906022e+008	
  2.4197500399999998e+002	  1.4672972101148021e+008	
  2.4216999600000000e+002	  1.4665206980434039e+008	
  2.4237099999999998e+002	  1.4667847121476793e+008	
  2.4257000499999998e+002	  1.4677864127197835e+008	
  2.4277099400000000e+002	  1.4671807333040923e+008	
  2.4297100599999999e+002	  1.4670720216140968e+008	
  2.4317399399999999e+002	  1.4657830115755749e+008	
  2.4337299899999999e+002	  1.4664042212326938e+008	
  2.4356899799999999e+002	  1.4655345277127272e+008	
  2.4377999699999998e+002	  1.4662333885769859e+008	
  2.4397199799999999e+002	  1.4670875518555248e+008	
  2.4418600300000000e+002	  1.4654801718677297e+008	
  2.4436999299999999e+002	  1.4665983492505434e+008	
  2.4457099700000001e+002	  1.4656665347648653e+008	
  2.4477200099999999e+002	  1.4653636950570199e+008	
  2.4497500399999998e+002	  1.4654801718677297e+008	
  2.4517199499999998e+002	  1.4662722141805559e+008	
  2.4536999299999999e+002	  1.4647735458827567e+008	
  2.4557499500000000e+002	  1.4660625559212786e+008	
  2.4577400000000000e+002	  1.4656121789198673e+008	
  2.4597100599999999e+002	  1.4642998735192037e+008	
  2.4617699999999999e+002	  1.4642222223120636e+008	
  2.4636999299999999e+002	  1.4653481648155916e+008	
  2.4657099700000001e+002	  1.4649832041420346e+008	
  2.4677700600000000e+002	  1.4642066920706356e+008	
  2.4697100599999999e+002	  1.4646260085891911e+008	
  2.4717300200000000e+002	  1.4634845358442351e+008	
  2.4738000299999999e+002	  1.4652860438498798e+008	
  2.4757200399999999e+002	  1.4642455176742056e+008	
  2.4777500699999999e+002	  1.4633137031885275e+008	
  2.4797599599999998e+002	  1.4647580156413287e+008	
  2.4817300200000000e+002	  1.4639193826042184e+008	
  2.4837299899999999e+002	  1.4634690056028071e+008	
  2.4857099700000001e+002	  1.4638494965177923e+008	
  2.4877299299999999e+002	  1.4636010126549447e+008	
  2.4897300500000000e+002	  1.4637330197070828e+008	
  2.4917599300000001e+002	  1.4630341588428238e+008	
  2.4937099999999998e+002	  1.4636786638620847e+008	
  2.4957200399999999e+002	  1.4625216608757007e+008	
  2.4977500699999999e+002	  1.4634457102406651e+008	
  2.4997300500000000e+002	  1.4634457102406651e+008	
  2.5017199499999998e+002	  1.4623275328578514e+008	
  2.5037600499999999e+002	  1.4630729844463938e+008	
  2.5057200399999999e+002	  1.4632748775849575e+008	
  2.5077400000000000e+002	  1.4629021517906862e+008	
  2.5097799499999999e+002	  1.4616286719935924e+008	
  2.5117199499999998e+002	  1.4620635187535757e+008	
  2.5137200700000000e+002	  1.4622731770128530e+008	
  2.5157600199999999e+002	  1.4619315117014378e+008	
  2.5177700600000000e+002	  1.4620091629085776e+008	
  2.5197300500000000e+002	  1.4609996972157595e+008	
  2.5217500099999998e+002	  1.4637330197070828e+008	
  2.5237499800000001e+002	  1.4619159814600098e+008	
  2.5257200399999999e+002	  1.4624440096685612e+008	
  2.5277900499999998e+002	  1.4620479885121477e+008	
  2.5297300500000000e+002	  1.4604949643693507e+008	
  2.5317100299999998e+002	  1.4634301799992374e+008	
  2.5337800400000000e+002	  1.4624284794271332e+008	
  2.5357400300000000e+002	  1.4608288645600519e+008	
  2.5377500699999999e+002	  1.4622887072542810e+008	
  2.5397700300000000e+002	  1.4616830278385904e+008	
  2.5417199499999998e+002	  1.4623508282199928e+008	
  2.5437200700000000e+002	  1.4604716690072086e+008	
  2.5457900800000002e+002	  1.4610385228193295e+008	
  2.5477300799999998e+002	  1.4609298111293340e+008	
  2.5497299000000001e+002	  1.4611549996300393e+008	
  2.5517599299999998e+002	  1.4597728081429499e+008	
  2.5537200699999997e+002	  1.4606036760593462e+008	
  2.5557500999999999e+002	  1.4612326508371791e+008	
  2.5577700600000000e+002	  1.4615354905450246e+008	
  2.5597201299999998e+002	  1.4609298111293340e+008	
  2.5617400900000001e+002	  1.4612481810786068e+008	
  2.5637600500000002e+002	  1.4622887072542810e+008	
  2.5657501000000002e+002	  1.4604561387657806e+008	
  2.5677398500000004e+002	  1.4603784875586408e+008	
  2.5697698800000001e+002	  1.4610229925779015e+008	
  2.5717300200000000e+002	  1.4591438333651170e+008	
  2.5737200700000000e+002	  1.4609453413707617e+008	
  2.5757900800000004e+002	  1.4601144734543651e+008	
  2.5777398500000004e+002	  1.4604328434036386e+008	
  2.5797201300000000e+002	  1.4601300036957932e+008	
  2.5817700000000002e+002	  1.4611161740264693e+008	
  2.5837301400000001e+002	  1.4610229925779015e+008	
  2.5857198900000003e+002	  1.4600756478507954e+008	
  2.5879101400000002e+002	  1.4594699684351042e+008	
  2.5897299000000004e+002	  1.4602853061100727e+008	
  2.5917199500000004e+002	  1.4599824664022273e+008	
  2.5937600500000002e+002	  1.4589962960715511e+008	
  2.5957400300000000e+002	  1.4602464805065030e+008	
  2.5977300800000000e+002	  1.4585769795529962e+008	
  2.5997698800000001e+002	  1.4585226237079981e+008	
  2.6017098800000002e+002	  1.4586313353979936e+008	
  2.6037200700000000e+002	  1.4591438333651170e+008	
  2.6057800100000003e+002	  1.4600135268850833e+008	
  2.6077300800000000e+002	  1.4596175057286701e+008	
  2.6097299000000004e+002	  1.4584605027422863e+008	
  2.6117599300000001e+002	  1.4605260248522064e+008	
  2.6137200700000000e+002	  1.4599824664022273e+008	
  2.6157699400000001e+002	  1.4609686367329037e+008	
  2.6177700600000003e+002	  1.4602076549029329e+008	
  2.6197299000000004e+002	  1.4611394693886113e+008	
  2.6217300200000000e+002	  1.4605260248522064e+008	
  2.6237499800000001e+002	  1.4603551921964985e+008	
  2.6257198900000003e+002	  1.4597728081429499e+008	
  2.6277599900000001e+002	  1.4606968575079143e+008	
  2.6297698800000001e+002	  1.4586546307601357e+008	
  2.6317300200000000e+002	  1.4600368222472256e+008	
  2.6337200700000000e+002	  1.4605648504557762e+008	
  2.6357299600000005e+002	  1.4593379613829666e+008	
  2.6377398500000004e+002	  1.4593379613829666e+008	
  2.6397399700000000e+002	  1.4593146660208246e+008	
  2.6417700000000002e+002	  1.4589186448644114e+008	
  2.6437399100000005e+002	  1.4591283031236890e+008	
  2.6457198900000003e+002	  1.4597883383843777e+008	
  2.6477700600000003e+002	  1.4589730007094091e+008	
  2.6497299000000004e+002	  1.4585381539494261e+008	
  2.6517199500000004e+002	  1.4588642890194136e+008	
  2.6537200700000000e+002	  1.4589574704679811e+008	
  2.6557501000000002e+002	  1.4587633424501315e+008	
  2.6577398500000004e+002	  1.4592991357793966e+008	
  2.6597698800000001e+002	  1.4599203454365155e+008	
  2.6617599300000001e+002	  1.4588642890194136e+008	
  2.6637301400000001e+002	  1.4597495127808079e+008	
  2.6657501000000002e+002	  1.4598815198329455e+008	
  2.6678201100000001e+002	  1.4596796266943818e+008	
  2.6697299000000004e+002	  1.4595631498836723e+008	
  2.6717300200000000e+002	  1.4587633424501315e+008	
  2.6738299400000000e+002	  1.4597495127808079e+008	
  2.6757501000000002e+002	  1.4587633424501315e+008	
  2.6777700600000003e+002	  1.4591050077615470e+008	
  2.6797698800000001e+002	  1.4589730007094091e+008	
  2.6817300200000000e+002	  1.4586313353979936e+008	
  2.6837301400000001e+002	  1.4590118263129792e+008	
  2.6857800100000003e+002	  1.4583284956901485e+008	
  2.6877599900000001e+002	  1.4578159977230251e+008	
  2.6897299000000004e+002	  1.4576296348258898e+008	
  2.6917599300000001e+002	  1.4584061468972883e+008	
  2.6938500800000003e+002	  1.4590894775201190e+008	
  2.6957501000000002e+002	  1.4576063394637474e+008	
  2.6977899000000002e+002	  1.4581033071894431e+008	
  2.6997399700000000e+002	  1.4568298273923489e+008	
  2.7017400900000001e+002	  1.4581964886380106e+008	
  2.7037701200000004e+002	  1.4567754715473512e+008	
  2.7057400300000000e+002	  1.4565891086502156e+008	
  2.7077499200000000e+002	  1.4572491439109042e+008	
  2.7097900200000004e+002	  1.4581421327930129e+008	
  2.7117400900000001e+002	  1.4580489513444448e+008	
  2.7137200700000000e+002	  1.4586546307601357e+008	
  2.7157598700000000e+002	  1.4583673212937185e+008	
  2.7177899000000002e+002	  1.4574976277737519e+008	
  2.7197500400000001e+002	  1.4564182759945077e+008	
  2.7217700000000002e+002	  1.4570627810137686e+008	
  2.7237301400000001e+002	  1.4574199765666121e+008	
  2.7257400300000000e+002	  1.4570783112551969e+008	
  2.7278298800000005e+002	  1.4571016066173384e+008	
  2.7297399700000000e+002	  1.4573267951180440e+008	
  2.7317400900000001e+002	  1.4576839906708878e+008	
  2.7337798900000001e+002	  1.4575908092223194e+008	
  2.7357400300000000e+002	  1.4559446036309546e+008	
  2.7378600900000004e+002	  1.4569463042030588e+008	
  2.7397900200000004e+002	  1.4573034997559023e+008	
  2.7417400900000001e+002	  1.4579480047751629e+008	
  2.7437798900000001e+002	  1.4574355068080401e+008	
  2.7458001500000000e+002	  1.4570783112551969e+008	
  2.7477700600000003e+002	  1.4573034997559023e+008	
  2.7497399700000000e+002	  1.4556728244059652e+008	
  2.7517700000000002e+002	  1.4564881620809337e+008	
  2.7537399100000005e+002	  1.4576296348258898e+008	
  2.7557501000000002e+002	  1.4561309665280902e+008	
  2.7578298800000005e+002	  1.4573267951180440e+008	
  2.7597601100000003e+002	  1.4556572941645369e+008	
  2.7617400900000001e+002	  1.4565891086502156e+008	
  2.7637798900000001e+002	  1.4555019917502576e+008	
  2.7657501000000002e+002	  1.4560921409245205e+008	
  2.7677700600000003e+002	  1.4556728244059652e+008	
  2.7697799500000002e+002	  1.4558824826652426e+008	
  2.7717599300000001e+002	  1.4564338062359360e+008	
  2.7737600500000002e+002	  1.4556572941645369e+008	
  2.7757900800000004e+002	  1.4561697921316603e+008	
  2.7777700600000003e+002	  1.4553156288531217e+008	
  2.7797601100000003e+002	  1.4554476359052595e+008	
  2.7817599300000001e+002	  1.4563949806323659e+008	
  2.7837399100000005e+002	  1.4553699846981198e+008	
  2.7857900800000004e+002	  1.4549196076967087e+008	
  2.7878500200000002e+002	  1.4549972589038482e+008	
  2.7897399700000000e+002	  1.4561464967695183e+008	
  2.7917700000000002e+002	  1.4568686529959193e+008	
  2.7938101000000000e+002	  1.4539877932110304e+008	
  2.7957299600000005e+002	  1.4551292659559864e+008	
  2.7977801300000004e+002	  1.4548264262481406e+008	
  2.7997799500000002e+002	  1.4563794503909379e+008	
  2.8017300200000000e+002	  1.4561464967695183e+008	
  2.8037798900000001e+002	  1.4564338062359360e+008	
  2.8057198900000003e+002	  1.4545391167817232e+008	
  2.8077499200000000e+002	  1.4555641127159694e+008	
  2.8098300000000000e+002	  1.4563173294252259e+008	
  2.8117300200000000e+002	  1.4553544544566917e+008	
  2.8137301400000001e+002	  1.4554088103016895e+008	
  2.8157699400000001e+002	  1.4551603264388421e+008	
  2.8177499200000000e+002	  1.4555796429573974e+008	
  2.8197399700000000e+002	  1.4547487750410008e+008	
  2.8217901400000000e+002	  1.4544614655745834e+008	
  2.8237399100000005e+002	  1.4553000986116937e+008	
  2.8257598700000000e+002	  1.4529239716732141e+008	
  2.8277899000000002e+002	  1.4553699846981198e+008	
  2.8297399700000000e+002	  1.4546866540752891e+008	
  2.8317599300000001e+002	  1.4539334373660320e+008	
  2.8337701200000004e+002	  1.4538946117624623e+008	
  2.8357299600000005e+002	  1.4537393093481827e+008	
  2.8377599900000001e+002	  1.4536461278996146e+008	
  2.8397698800000001e+002	  1.4534985906060490e+008	
  2.8417599300000001e+002	  1.4548264262481406e+008	
  2.8438198700000004e+002	  1.4541430956253099e+008	
  2.8457699400000001e+002	  1.4532268113810593e+008	
  2.8477700600000003e+002	  1.4543294585224456e+008	
  2.8497698800000001e+002	  1.4538014303138947e+008	
  2.8518099800000005e+002	  1.4547487750410008e+008	
  2.8537301400000001e+002	  1.4538169605553225e+008	
  2.8557501000000002e+002	  1.4530404484839237e+008	
  2.8577999700000004e+002	  1.4537781349517527e+008	
  2.8597399700000000e+002	  1.4535141208474770e+008	
  2.8617599300000001e+002	  1.4538402559174645e+008	
  2.8637701200000004e+002	  1.4535141208474770e+008	
  2.8657598700000000e+002	  1.4530016228803536e+008	
  2.8677700600000003e+002	  1.4539101420038903e+008	
  2.8697799500000002e+002	  1.4532889323467714e+008	
  2.8717599300000001e+002	  1.4531957508982038e+008	
  2.8737399100000005e+002	  1.4538014303138947e+008	
  2.8758401300000003e+002	  1.4531336299324918e+008	
  2.8777899000000002e+002	  1.4533432881917691e+008	
  2.8797500400000001e+002	  1.4528307902246463e+008	
  2.8817999100000003e+002	  1.4530792740874937e+008	
  2.8837399100000005e+002	  1.4522095805675274e+008	
  2.8857400300000000e+002	  1.4517514384454024e+008	
  2.8877999700000004e+002	  1.4514330684961286e+008	
  2.8897500400000001e+002	  1.4517669686868301e+008	
  2.8917599300000001e+002	  1.4525667761203706e+008	
  2.8938101000000000e+002	  1.4532112811396319e+008	
  2.8957501000000002e+002	  1.4536073022960448e+008	
  2.8977599900000001e+002	  1.4532112811396319e+008	
  2.8997799500000002e+002	  1.4520154525496775e+008	
  2.9017599300000001e+002	  1.4518446198939702e+008	
  2.9037701200000004e+002	  1.4520154525496775e+008	
  2.9057800100000003e+002	  1.4528696158282164e+008	
  2.9077801300000004e+002	  1.4522251108089551e+008	
  2.9097500400000001e+002	  1.4522251108089551e+008	
  2.9117999100000003e+002	  1.4512777660818490e+008	
  2.9137499800000001e+002	  1.4513321219268468e+008	
  2.9157400300000000e+002	  1.4518834454975399e+008	
  2.9177700600000003e+002	  1.4518446198939702e+008	
  2.9197799500000002e+002	  1.4516349616346925e+008	
  2.9217901400000000e+002	  1.4511224636675692e+008	
  2.9237499800000001e+002	  1.4516970826004043e+008	
  2.9257501000000002e+002	  1.4515961360311225e+008	
  2.9278100400000000e+002	  1.4523804132232350e+008	
  2.9297799500000002e+002	  1.4508196239597240e+008	
  2.9317599300000001e+002	  1.4513165916854188e+008	
  2.9337798900000001e+002	  1.4519067408596820e+008	
  2.9357598700000000e+002	  1.4511457590297115e+008	
  2.9377801300000004e+002	  1.4523182922575232e+008	
  2.9398199300000005e+002	  1.4512001148747092e+008	
  2.9417498600000005e+002	  1.4516194313932645e+008	
  2.9437499800000001e+002	  1.4519067408596820e+008	
  2.9457501000000002e+002	  1.4512932963232768e+008	
  2.9477999700000004e+002	  1.4520775735153896e+008	
  2.9498000900000000e+002	  1.4514874243411270e+008	
  2.9517498600000005e+002	  1.4510137519775736e+008	
  2.9537499800000001e+002	  1.4520542781532475e+008	
  2.9558499000000000e+002	  1.4507109122697279e+008	
  2.9578100400000000e+002	  1.4508429193218657e+008	
  2.9597601100000003e+002	  1.4512001148747092e+008	
  2.9617901400000000e+002	  1.4499344001983294e+008	
  2.9637600500000002e+002	  1.4502139445440328e+008	
  2.9657699400000001e+002	  1.4518057942904001e+008	
  2.9677801300000004e+002	  1.4500042862847552e+008	
  2.9697601100000003e+002	  1.4504779586483085e+008	
  2.9717498600000005e+002	  1.4510292822190017e+008	
  2.9737600500000002e+002	  1.4500431118883252e+008	
  2.9758001500000000e+002	  1.4500819374918953e+008	
  2.9777899000000002e+002	  1.4493986068690646e+008	
  2.9797601100000003e+002	  1.4495150836797744e+008	
  2.9818099800000005e+002	  1.4511845846332812e+008	
  2.9837600500000002e+002	  1.4495306139212021e+008	
  2.9857699400000001e+002	  1.4506177308211604e+008	
  2.9879199000000000e+002	  1.4514097731339869e+008	
  2.9897500400000001e+002	  1.4506487913040158e+008	
  2.9917400900000001e+002	  1.4496470907319120e+008	
  2.9937600500000002e+002	  1.4512932963232768e+008	
  2.9957699400000001e+002	  1.4495150836797744e+008	
  2.9977599900000001e+002	  1.4492510695754987e+008	
  2.9997399700000000e+002	  1.4491734183683589e+008	
  3.0017901400000000e+002	  1.4484512621419585e+008	
  3.0037499800000001e+002	  1.4495306139212021e+008	
  3.0057598700000000e+002	  1.4493597812654942e+008	
  3.0077700600000003e+002	  1.4497014465769097e+008	
  3.0098098600000003e+002	  1.4497635675426218e+008	
  3.0117400900000001e+002	  1.4486220947976658e+008	
  3.0137499800000001e+002	  1.4498023931461915e+008	
  3.0158001500000000e+002	  1.4488317530569434e+008	
  3.0177801300000004e+002	  1.4490414113162211e+008	
  3.0197500400000001e+002	  1.4482804294862503e+008	
  3.0217800700000004e+002	  1.4485832691940957e+008	
  3.0237600500000002e+002	  1.4492510695754987e+008	
  3.0257699400000001e+002	  1.4482260736412525e+008	
  3.0278201100000001e+002	  1.4461605515313324e+008	
  3.0297601100000003e+002	  1.4481717177962548e+008	
  3.0317599300000001e+002	  1.4485444435905260e+008	
  3.0337798900000001e+002	  1.4483736109348181e+008	
  3.0357900800000004e+002	  1.4469758892063007e+008	
  3.0377999700000004e+002	  1.4465022168427479e+008	
  3.0398000900000000e+002	  1.4478455827262673e+008	
  3.0417700000000002e+002	  1.4476203942255616e+008	
  3.0437600500000002e+002	  1.4465410424463177e+008	
  3.0459399200000001e+002	  1.4474262662077120e+008	
  3.0477899000000002e+002	  1.4470690706548685e+008	
  3.0497799500000002e+002	  1.4480164153819749e+008	
  3.0518200500000000e+002	  1.4460673700827643e+008	
  3.0537600500000002e+002	  1.4461217259277621e+008	
  3.0557699400000001e+002	  1.4466730494984555e+008	
  3.0578201100000001e+002	  1.4480397107441169e+008	
  3.0597698800000001e+002	  1.4465022168427479e+008	
