  -2.0199999999999996e-001	  0.0000000000000000e+000
  0.0000000000000000e+000	  0.0000000000000000e+000	
  2.0199999999999996e-001	  1.5235367121132940e-009	
  3.9699999999999980e-001	  3.4380787918234638e-009	
  6.0099999999999998e-001	  3.8541390649699431e-009	
  8.0299999999999994e-001	  4.0439609830546589e-009	
  1.0019999999999998e+000	  4.1559886597497163e-009	
  1.1959999999999997e+000	  4.2418699300593455e-009	
  1.3959999999999999e+000	  4.3106840963906320e-009	
  1.5960000000000001e+000	  4.3689305500841651e-009	
  1.7960000000000003e+000	  4.4096633767301534e-009	
  1.9939999999999998e+000	  4.4479155196583591e-009	
  2.1790000000000003e+000	  4.4868126403531895e-009	
  2.3940000000000001e+000	  4.5227825542610343e-009	
  2.5940000000000003e+000	  4.5537911007333165e-009	
  2.7789999999999999e+000	  4.5742319345678443e-009	
  2.9930000000000003e+000	  4.6122856227986274e-009	
  3.1779999999999999e+000	  4.6355544360714270e-009	
  3.3949999999999996e+000	  4.6684979158435783e-009	
  3.5789999999999997e+000	  4.6887402949806844e-009	
  3.7770000000000001e+000	  4.7153828381096683e-009	
  3.9889999999999999e+000	  4.7382547419876226e-009	
  4.1749999999999998e+000	  4.7642026936756274e-009	
  4.3970000000000002e+000	  4.7845443001614431e-009	
  4.5759999999999996e+000	  4.8032982690678796e-009	
  4.7729999999999997e+000	  4.8246321490408084e-009	
  4.9870000000000001e+000	  4.8408558205551062e-009	
  5.1739999999999995e+000	  4.8656626577329306e-009	
  5.3870000000000005e+000	  4.8848135360342114e-009	
  5.5719999999999992e+000	  4.8979115460641036e-009	
  5.7710000000000008e+000	  4.9140359902296893e-009	
  5.9860000000000007e+000	  4.9337822326232388e-009	
  6.1699999999999999e+000	  4.9510974049733601e-009	
  6.3849999999999998e+000	  4.9667257123953893e-009	
  6.5689999999999991e+000	  4.9793275856817249e-009	
  6.7680000000000007e+000	  4.9974861904958919e-009	
  6.9800000000000004e+000	  5.0088477219233359e-009	
  7.1820000000000004e+000	  5.0227891644172729e-009	
  7.3669999999999991e+000	  5.0378221077470358e-009	
  7.5660000000000007e+000	  5.0500270716385254e-009	
  7.7660000000000000e+000	  5.0667468798963789e-009	
  7.9819999999999993e+000	  5.0762230916983081e-009	
  8.1720000000000006e+000	  5.0909583529819372e-009	
  8.3659999999999997e+000	  5.1031137031990707e-009	
  8.5640000000000001e+000	  5.1221157404772842e-009	
  8.7639999999999993e+000	  5.1298554736767659e-009	
  8.9809999999999999e+000	  5.1406216410119420e-009	
  9.1630000000000003e+000	  5.1566468578288172e-009	
  9.3750000000000000e+000	  5.1658253875846116e-009	
  9.5649999999999995e+000	  5.1775838284069016e-009	
  9.7639999999999993e+000	  5.1859685393730063e-009	
  9.9809999999999999e+000	  5.1979254348927181e-009	
  1.0164000000000000e+001	  5.2090885116227394e-009	
  1.0363000000000000e+001	  5.2176716772862668e-009	
  1.0564000000000000e+001	  5.2297774138290451e-009	
  1.0760999999999999e+001	  5.2353837590312333e-009	
  1.0973000000000001e+001	  5.2442149930665377e-009	
  1.1160000000000000e+001	  5.2542865689607355e-009	
  1.1375999999999999e+001	  5.2628697346242638e-009	
  1.1558000000000000e+001	  5.2732886062389490e-009	
  1.1759000000000000e+001	  5.2806810437179416e-009	
  1.1971000000000000e+001	  5.2896115051019582e-009	
  1.2157000000000000e+001	  5.3051405851752768e-009	
  1.2356999999999999e+001	  5.3148152516746286e-009	
  1.2557000000000000e+001	  5.3206200515742403e-009	
  1.2755998999999999e+001	  5.3281613300762978e-009	
  1.2972000999999999e+001	  5.3361491316475590e-009	
  1.3156001000000000e+001	  5.3451292067059299e-009	
  1.3355000000000000e+001	  5.3550519415770612e-009	
  1.3554998999999999e+001	  5.3648754490994795e-009	
  1.3754000000000001e+001	  5.3717717498349147e-009	
  1.3967998999999999e+001	  5.3815456436829777e-009	
  1.4153001000000000e+001	  5.3894342179055260e-009	
  1.4352000000000000e+001	  5.3957351545486934e-009	
  1.4553000000000001e+001	  5.4028795236559073e-009	
  1.4751999999999999e+001	  5.4090812329503642e-009	
  1.4969000999999999e+001	  5.4176643986138900e-009	
  1.5154000000000000e+001	  5.4222784703289660e-009	
  1.5352000000000000e+001	  5.4335407744076995e-009	
  1.5552001000000001e+001	  5.4330446376641413e-009	
  1.5751000000000001e+001	  5.4453984425786982e-009	
  1.5949999999999999e+001	  5.4536343125217357e-009	
  1.6151000000000000e+001	  5.4613740457212182e-009	
  1.6349999000000000e+001	  5.4668315499003399e-009	
  1.6550000000000001e+001	  5.4690145515719878e-009	
  1.6750001000000001e+001	  5.4804256966737878e-009	
  1.6965001000000001e+001	  5.4807729923942778e-009	
  1.7149000999999998e+001	  5.4875700657810025e-009	
  1.7349000000000000e+001	  5.4936229340523896e-009	
  1.7548999999999999e+001	  5.5070682398027701e-009	
  1.7765999999999998e+001	  5.5049844654798335e-009	
  1.7948001000000001e+001	  5.5162467695585669e-009	
  1.8146999999999998e+001	  5.5206127729018643e-009	
  1.8347000999999999e+001	  5.5288486428449017e-009	
  1.8548999999999999e+001	  5.5361418529751814e-009	
  1.8745999000000001e+001	  5.5468087929616470e-009	
  1.8960999000000001e+001	  5.5476522254256926e-009	
  1.9144998999999999e+001	  5.5565826868097092e-009	
  1.9344000999999999e+001	  5.5580710970403796e-009	
  1.9543998999999999e+001	  5.5675969225166631e-009	
  1.9743001000000000e+001	  5.5685891960037778e-009	
  1.9942000000000000e+001	  5.5740467001828995e-009	
  2.0142001000000000e+001	  5.5762297018545474e-009	
  2.0341000000000001e+001	  5.5868966418410114e-009	
  2.0542999999999999e+001	  5.5901711443484844e-009	
  2.0741000000000000e+001	  5.5990023783837913e-009	
  2.0956999000000000e+001	  5.6031203133553100e-009	
  2.1142001000000000e+001	  5.6079328397678078e-009	
  2.1340001000000001e+001	  5.6146306858058196e-009	
  2.1540998999999999e+001	  5.6163175507339126e-009	
  2.1738999000000000e+001	  5.6211796908207665e-009	
  2.1937999999999999e+001	  5.6279271505331344e-009	
  2.2139001000000000e+001	  5.6360637931274613e-009	
  2.2338000000000001e+001	  5.6361630204761726e-009	
  2.2539000000000001e+001	  5.6421166613988501e-009	
  2.2738999000000000e+001	  5.6465818920908579e-009	
  2.2952999999999999e+001	  5.6484175980420183e-009	
  2.3137999000000001e+001	  5.6605233345847966e-009	
  2.3337001000000001e+001	  5.6668242712279631e-009	
  2.3536999000000002e+001	  5.6648893379280939e-009	
  2.3734998999999998e+001	  5.6729763668480640e-009	
  2.3934999999999999e+001	  5.6784338710271857e-009	
  2.4135000999999999e+001	  5.6827998743704831e-009	
  2.4334000000000000e+001	  5.6863224452497340e-009	
  2.4535001000000001e+001	  5.6905396075699640e-009	
  2.4731998999999998e+001	  5.6946575425414827e-009	
  2.4945000000000000e+001	  5.6984281817925114e-009	
  2.5129999999999999e+001	  5.7028934124845210e-009	
  2.5327999999999999e+001	  5.7106827593583588e-009	
  2.5529000000000000e+001	  5.7154952857708558e-009	
  2.5727000000000000e+001	  5.7196132207423745e-009	
  2.5925000000000001e+001	  5.7235327010164714e-009	
  2.6125001000000001e+001	  5.7243761334805179e-009	
  2.6324999999999999e+001	  5.7296847966365723e-009	
  2.6524000999999998e+001	  5.7384168033231662e-009	
  2.6724999000000000e+001	  5.7363330290002296e-009	
  2.6939000000000000e+001	  5.7410959417383706e-009	
  2.7123999000000001e+001	  5.7426339656433962e-009	
  2.7323001000000001e+001	  5.7510186766095010e-009	
  2.7539999999999999e+001	  5.7565754081373340e-009	
  2.7722000999999999e+001	  5.7598499106448071e-009	
  2.7920999999999999e+001	  5.7644639823598823e-009	
  2.8120000000000001e+001	  5.7669942797520218e-009	
  2.8320000000000000e+001	  5.7708641463517610e-009	
  2.8519998999999999e+001	  5.7725510112798540e-009	
  2.8718999000000000e+001	  5.7843094521021423e-009	
  2.8933998999999996e+001	  5.7842102247534310e-009	
  2.9118001000000003e+001	  5.7884273870736618e-009	
  2.9318000999999999e+001	  5.7884273870736618e-009	
  2.9516999000000002e+001	  5.7943810279963401e-009	
  2.9715999999999998e+001	  5.8004338962677280e-009	
  2.9916000999999998e+001	  5.8013765560804866e-009	
  3.0113999000000003e+001	  5.8017734654753302e-009	
  3.0312999999999999e+001	  5.8134822926232641e-009	
  3.0512001999999999e+001	  5.8102574037901471e-009	
  3.0710998999999997e+001	  5.8179971369896297e-009	
  3.0922002000000003e+001	  5.8185925010818958e-009	
  3.1107999000000003e+001	  5.8226112087047041e-009	
  3.1307998999999999e+001	  5.8323851025527671e-009	
  3.1507999999999999e+001	  5.8301028735324071e-009	
  3.1707001000000002e+001	  5.8316905111117880e-009	
  3.1919999000000001e+001	  5.8408690408675832e-009	
  3.2106999000000002e+001	  5.8405217451470940e-009	
  3.2305999999999997e+001	  5.8440443160263458e-009	
  3.2506000999999998e+001	  5.8495018202054675e-009	
  3.2704999000000001e+001	  5.8544631876410310e-009	
  3.2903999999999996e+001	  5.8528755500616502e-009	
  3.3104000999999997e+001	  5.8603672148893540e-009	
  3.3304001999999997e+001	  5.8596726234483741e-009	
  3.3505002000000005e+001	  5.8618556251200236e-009	
  3.3704999000000001e+001	  5.8722744967347097e-009	
  3.3903001000000003e+001	  5.8744574984063592e-009	
  3.4104000999999997e+001	  5.8767397274267176e-009	
  3.4302998000000002e+001	  5.8835368008134423e-009	
  3.4523999000000003e+001	  5.8784265923548106e-009	
  3.4703000000000003e+001	  5.8858190298338015e-009	
  3.4902000999999998e+001	  5.8911276929898559e-009	
  3.5100999000000002e+001	  5.8899369648053202e-009	
  3.5300999000000004e+001	  5.8915246023847019e-009	
  3.5500000999999997e+001	  5.9036303389274794e-009	
  3.5698998000000003e+001	  5.9038784072992580e-009	
  3.5899997999999997e+001	  5.9069048414349532e-009	
  3.6099998999999997e+001	  5.9163314395625263e-009	
  3.6299000000000007e+001	  5.9152399387267019e-009	
  3.6496999000000002e+001	  5.9135530737986098e-009	
  3.6696999000000005e+001	  5.9187625096059528e-009	
  3.6910000999999994e+001	  5.9204493745340450e-009	
  3.7095001999999994e+001	  5.9192586463495093e-009	
  3.7293998999999999e+001	  5.9249642189004089e-009	
  3.7494000000000000e+001	  5.9316124512640663e-009	
  3.7691997999999998e+001	  5.9305209504282428e-009	
  3.7891998999999998e+001	  5.9370699554431880e-009	
  3.8091999999999999e+001	  5.9357303862355858e-009	
  3.8290002000000001e+001	  5.9407909810198615e-009	
  3.8491001999999995e+001	  5.9427259143197324e-009	
  3.8691997999999998e+001	  5.9470919176630297e-009	
  3.8889000999999993e+001	  5.9481834184988541e-009	
  3.9092999000000006e+001	  5.9535416953292637e-009	
  3.9286998999999994e+001	  5.9540378320728202e-009	
  3.9503997999999996e+001	  5.9588503584853172e-009	
  3.9686001000000005e+001	  5.9576596303007824e-009	
  3.9884000000000000e+001	  5.9643078626644390e-009	
  4.0084999999999994e+001	  5.9627202250850581e-009	
  4.0286000000000001e+001	  5.9684257976359585e-009	
  4.0484002000000004e+001	  5.9733871650715245e-009	
  4.0683999000000000e+001	  5.9752228710226824e-009	
  4.0884000000000000e+001	  5.9781004641353111e-009	
  4.1083000999999996e+001	  5.9742305975355702e-009	
  4.1283001999999996e+001	  5.9781004641353111e-009	
  4.1482999000000007e+001	  5.9847983101733228e-009	
  4.1682000000000002e+001	  5.9817718760376293e-009	
  4.1895000999999993e+001	  5.9870805391936837e-009	
  4.2082001000000005e+001	  5.9902062006780893e-009	
  4.2280998999999994e+001	  5.9936295442086289e-009	
  4.2480999999999995e+001	  5.9997816398287306e-009	
  4.2697998999999996e+001	  6.0016173457798885e-009	
  4.2878997999999996e+001	  6.0040484158233150e-009	
  4.3079999000000001e+001	  6.0026096192670015e-009	
  4.3278999999999996e+001	  6.0059833491231859e-009	
  4.3477001999999999e+001	  6.0090097832588811e-009	
  4.3675999000000004e+001	  6.0120362173945763e-009	
  4.3877999000000003e+001	  6.0108454892100398e-009	
  4.4078000000000003e+001	  6.0123835131150637e-009	
  4.4274997999999997e+001	  6.0144672874380028e-009	
  4.4475999000000002e+001	  6.0199247916171229e-009	
  4.4675999000000004e+001	  6.0194286548735663e-009	
  4.4874001000000007e+001	  6.0266722513294924e-009	
  4.5075001000000000e+001	  6.0285079572806511e-009	
  4.5273999000000003e+001	  6.0290040940242068e-009	
  4.5472999999999999e+001	  6.0312863230445676e-009	
  4.5672002000000006e+001	  6.0346600529007511e-009	
  4.5870998999999998e+001	  6.0353050306673750e-009	
  4.6070999999999998e+001	  6.0385795331748472e-009	
  4.6272000000000006e+001	  6.0375872596877342e-009	
  4.6471001000000001e+001	  6.0475099945588646e-009	
  4.6673000999999999e+001	  6.0470634714896633e-009	
  4.6887001999999995e+001	  6.0476588355819311e-009	
  4.7072998999999996e+001	  6.0526202030174963e-009	
  4.7272000000000006e+001	  6.0556466371531915e-009	
  4.7472001000000006e+001	  6.0562420012454602e-009	
  4.7669999000000004e+001	  6.0617987327732924e-009	
  4.7870000000000005e+001	  6.0622948695168481e-009	
  4.8069001000000000e+001	  6.0667601002088568e-009	
  4.8267998000000006e+001	  6.0603599362169789e-009	
  4.8467999000000006e+001	  6.0663135771396555e-009	
  4.8667000000000002e+001	  6.0680004420677477e-009	
  4.8866001999999995e+001	  6.0715230129469985e-009	
  4.9065999000000005e+001	  6.0743013787109151e-009	
  4.9266000000000005e+001	  6.0819418845616855e-009	
  4.9465001000000001e+001	  6.0826364760026638e-009	
  4.9666000999999994e+001	  6.0797588828900368e-009	
  4.9863000000000000e+001	  6.0834799084667111e-009	
  5.0063999999999993e+001	  6.0865063426024055e-009	
  5.0260998000000001e+001	  6.0915173237123267e-009	
  5.0461999000000006e+001	  6.0906242775739250e-009	
  5.0661998999999994e+001	  6.0933034159891294e-009	
  5.0860000999999997e+001	  6.0996043526322968e-009	
  5.1062000999999995e+001	  6.0966771458453137e-009	
  5.1260998000000001e+001	  6.0990089885400298e-009	
  5.1459000000000003e+001	  6.1054091525319077e-009	
  5.1659001000000004e+001	  6.1022834910475020e-009	
  5.1874001000000007e+001	  6.1081875182958242e-009	
  5.2057998999999995e+001	  6.1022834910475020e-009	
  5.2257999999999996e+001	  6.1072448584830680e-009	
  5.2455997999999994e+001	  6.1124542942904103e-009	
  5.2655998999999994e+001	  6.1148853643338368e-009	
  5.2855999999999995e+001	  6.1151334327056163e-009	
  5.3055001000000004e+001	  6.1210374599539385e-009	
  5.3255002000000005e+001	  6.1149845916825481e-009	
  5.3455997999999994e+001	  6.1205413232103820e-009	
  5.3653999999999996e+001	  6.1216328240462055e-009	
  5.3854000999999997e+001	  6.1235677573460763e-009	
  5.4055001000000004e+001	  6.1253042359485229e-009	
  5.4252999000000003e+001	  6.1281818290611507e-009	
  5.4453000000000003e+001	  6.1376580408630790e-009	
  5.4652000999999998e+001	  6.1352269708196525e-009	
  5.4852001999999999e+001	  6.1358223349119212e-009	
  5.5051998999999995e+001	  6.1390968374193934e-009	
  5.5251999999999995e+001	  6.1399402698834399e-009	
  5.5453998999999996e+001	  6.1431155450422008e-009	
  5.5652000999999998e+001	  6.1443062732267381e-009	
  5.5852001999999999e+001	  6.1445543415985151e-009	
  5.6051998999999995e+001	  6.1489203449418125e-009	
  5.6251999999999995e+001	  6.1491684133135912e-009	
  5.6451001000000005e+001	  6.1507064372186160e-009	
  5.6651002000000005e+001	  6.1552212815849807e-009	
  5.6850999000000002e+001	  6.1556678046541803e-009	
  5.7069001000000000e+001	  6.1555685773054690e-009	
  5.7251000000000005e+001	  6.1560647140490264e-009	
  5.7450001000000000e+001	  6.1590911481847216e-009	
  5.7649997999999997e+001	  6.1584957840924529e-009	
  5.7849998999999997e+001	  6.1665828130124238e-009	
  5.8049999999999997e+001	  6.1621175823204159e-009	
  5.8250000999999997e+001	  6.1652432438048216e-009	
  5.8448998000000003e+001	  6.1674262454764703e-009	
  5.8647998999999999e+001	  6.1714449530992777e-009	
  5.8847999999999999e+001	  6.1753148196990186e-009	
  5.9045997999999997e+001	  6.1761582521630642e-009	
  5.9246999000000002e+001	  6.1784404811834242e-009	
  5.9445999999999998e+001	  6.1784404811834242e-009	
  5.9649997999999997e+001	  6.1766543889066208e-009	
  5.9845001999999994e+001	  6.1790854589500473e-009	
  6.0043998999999999e+001	  6.1835506896420560e-009	
  6.0242001000000002e+001	  6.1900996946570012e-009	
  6.0444001000000000e+001	  6.1901989220057134e-009	
  6.0641998999999998e+001	  6.1939695612567429e-009	
  6.0842004000000003e+001	  6.1928780604209177e-009	
  6.1042999999999992e+001	  6.1921338553055842e-009	
  6.1241996999999998e+001	  6.1934734245131864e-009	
  6.1442002000000002e+001	  6.1969959953924373e-009	
  6.1641998999999998e+001	  6.2006177936204011e-009	
  6.1842004000000003e+001	  6.1961525629283916e-009	
  6.2057998999999995e+001	  6.2022054311997812e-009	
  6.2242997000000003e+001	  6.2005185662716890e-009	
  6.2443000999999995e+001	  6.2083575268198812e-009	
  6.2641998999999998e+001	  6.2062241388225886e-009	
  6.2840995999999990e+001	  6.2090025045865059e-009	
  6.3041000999999994e+001	  6.2122770070939765e-009	
  6.3239998999999997e+001	  6.2098459370505499e-009	
  6.3437996999999996e+001	  6.2104413011428186e-009	
  6.3638001000000003e+001	  6.2148073044861151e-009	
  6.3836998999999992e+001	  6.2195206035499025e-009	
  6.4037002999999999e+001	  6.2179329659705216e-009	
  6.4236999999999995e+001	  6.2139638720220695e-009	
  6.4435997999999998e+001	  6.2178337386218103e-009	
  6.4642997999999992e+001	  6.2173376018782546e-009	
  6.4834999999999994e+001	  6.2237873795444886e-009	
  6.5036003999999991e+001	  6.2224478103368856e-009	
  6.5233001999999999e+001	  6.2271611094006721e-009	
  6.5432998999999995e+001	  6.2294433384210321e-009	
  6.5630996999999994e+001	  6.2294433384210321e-009	
  6.5832000999999991e+001	  6.2300387025132999e-009	
  6.6031998000000002e+001	  6.2343054785078852e-009	
  6.6231003000000001e+001	  6.2332139776720616e-009	
  6.6430000999999990e+001	  6.2372326852948699e-009	
  6.6637001999999995e+001	  6.2372326852948699e-009	
  6.6830002999999991e+001	  6.2391676185947399e-009	
  6.7040002000000001e+001	  6.2407056424997655e-009	
  6.7227997000000002e+001	  6.2372326852948699e-009	
  6.7426002999999994e+001	  6.2461631466788873e-009	
  6.7644996999999989e+001	  6.2439801450072377e-009	
  6.7824997999999994e+001	  6.2460639193301751e-009	
  6.8024002999999993e+001	  6.2495864902094260e-009	
  6.8223999999999990e+001	  6.2540517209014355e-009	
  6.8423997000000000e+001	  6.2502810816504060e-009	
  6.8623002000000000e+001	  6.2543990166219247e-009	
  6.8821998999999991e+001	  6.2524640833220530e-009	
  6.9021996000000001e+001	  6.2553912901090377e-009	
  6.9221001000000001e+001	  6.2593603840574891e-009	
  6.9421998000000002e+001	  6.2603526575446013e-009	
  6.9621003000000002e+001	  6.2637263874007864e-009	
  6.9821998999999991e+001	  6.2644705925161208e-009	
  7.0021996000000001e+001	  6.2637263874007864e-009	
  7.0221001000000001e+001	  6.2683404591158625e-009	
  7.0425004000000001e+001	  6.2625356592162508e-009	
  7.0617997000000003e+001	  6.2662566847929251e-009	
  7.0818000999999995e+001	  6.2771716931511669e-009	
  7.1017997999999992e+001	  6.2766755564076104e-009	
  7.1217004000000003e+001	  6.2766755564076104e-009	
  7.1416000999999994e+001	  6.2738971906436955e-009	
  7.1616996999999998e+001	  6.2776678298947251e-009	
  7.1816002999999995e+001	  6.2740460316667612e-009	
  7.2029998999999989e+001	  6.2719622573438247e-009	
  7.2215995999999990e+001	  6.2765763290589007e-009	
  7.2415002000000001e+001	  6.2759809649666321e-009	
  7.2613998999999993e+001	  6.2817857648662430e-009	
  7.2814003999999997e+001	  6.2872432690453647e-009	
  7.3012001999999995e+001	  6.2862509955582517e-009	
  7.3212997999999999e+001	  6.2875905647658547e-009	
  7.3411003999999991e+001	  6.2848121990019382e-009	
  7.3610000999999997e+001	  6.2901208621579925e-009	
  7.3811996999999991e+001	  6.2881859288581217e-009	
  7.4010002999999998e+001	  6.2901208621579925e-009	
  7.4209999999999994e+001	  6.2920557954578617e-009	
  7.4408996999999999e+001	  6.2944868655012899e-009	
  7.4615997999999990e+001	  6.2987536414958751e-009	
  7.4807998999999995e+001	  6.2947349338730677e-009	
  7.5005996999999994e+001	  6.2991009372163643e-009	
  7.5205002999999991e+001	  6.2976621406600508e-009	
  7.5406998000000002e+001	  6.2972652312652056e-009	
  7.5604996000000000e+001	  6.2948837748961343e-009	
  7.5804001999999997e+001	  6.3007878021444565e-009	
  7.6004998000000001e+001	  6.3020281440033482e-009	
  7.6204003000000000e+001	  6.3029708038161043e-009	
  7.6403001000000003e+001	  6.3073368071594025e-009	
  7.6601997999999995e+001	  6.3035661679083730e-009	
  7.6802002999999999e+001	  6.3032188721878830e-009	
  7.7015000000000001e+001	  6.3103632412950969e-009	
  7.7199997999999994e+001	  6.3083290806465148e-009	
  7.7399002999999993e+001	  6.3109586053873656e-009	
  7.7599998999999997e+001	  6.3124470156180343e-009	
  7.7797996999999995e+001	  6.3144811762666164e-009	
  7.7999000999999993e+001	  6.3172595420305330e-009	
  7.8197998999999996e+001	  6.3163168822177752e-009	
  7.8395996999999994e+001	  6.3213774770020508e-009	
  7.8596001000000001e+001	  6.3251481162530796e-009	
  7.8794998999999990e+001	  6.3215263180251190e-009	
  7.8995002999999997e+001	  6.3254954119735704e-009	
  7.9195999999999998e+001	  6.3258923213684164e-009	
  7.9394996999999989e+001	  6.3246519795095247e-009	
  7.9601997999999995e+001	  6.3239573880685456e-009	
  7.9794998999999990e+001	  6.3278272546682856e-009	
  7.9991996999999998e+001	  6.3344754870319430e-009	
  8.0192002000000002e+001	  6.3278272546682856e-009	
  8.0391998999999998e+001	  6.3291668238758886e-009	
  8.0592004000000003e+001	  6.3313002118731821e-009	
  8.0792000000000002e+001	  6.3314490528962486e-009	
  8.0990997999999990e+001	  6.3394368544675082e-009	
  8.1191002999999995e+001	  6.3376011485163495e-009	
  8.1390999999999991e+001	  6.3396849228392869e-009	
  8.1590995999999990e+001	  6.3377499895394160e-009	
  8.1788003000000003e+001	  6.3339793502883865e-009	
  8.2001999999999995e+001	  6.3383453536316839e-009	
  8.2194001000000000e+001	  6.3443982219030734e-009	
  8.2388001000000003e+001	  6.3462339278542321e-009	
  8.2588997999999989e+001	  6.3439020851595177e-009	
  8.2788003000000003e+001	  6.3465812235747221e-009	
  8.2988000000000000e+001	  6.3481688611541030e-009	
  8.3185997999999998e+001	  6.3512945226385078e-009	
  8.3389000999999993e+001	  6.3497564987334830e-009	
  8.3585999000000001e+001	  6.3508479995693082e-009	
  8.3784996999999990e+001	  6.3510464542667291e-009	
  8.3984001999999990e+001	  6.3537255926819352e-009	
  8.4184997999999993e+001	  6.3538744337050017e-009	
  8.4382995999999991e+001	  6.3540728884024243e-009	
  8.4584000000000003e+001	  6.3549659345408269e-009	
  8.4781998000000002e+001	  6.3590838695123464e-009	
  8.4979996000000000e+001	  6.3567520268176295e-009	
  8.5180999999999997e+001	  6.3590838695123464e-009	
  8.5379998000000001e+001	  6.3591830968610569e-009	
  8.5581001999999998e+001	  6.3624575993685291e-009	
  8.5779998999999989e+001	  6.3644917600171121e-009	
  8.5978996999999993e+001	  6.3637971685761321e-009	
  8.6182000000000002e+001	  6.3688577633604095e-009	
  8.6376999999999995e+001	  6.3703461735910774e-009	
  8.6575997000000001e+001	  6.3673197394553838e-009	
  8.6776001999999991e+001	  6.3685104676399195e-009	
  8.6991996999999998e+001	  6.3700981052193004e-009	
  8.7175004000000001e+001	  6.3691058317321857e-009	
  8.7375000999999997e+001	  6.3710407650320565e-009	
  8.7574997999999994e+001	  6.3720330385191695e-009	
  8.7773003000000003e+001	  6.3726284026114382e-009	
  8.7973999999999990e+001	  6.3760021324676217e-009	
  8.8171998000000002e+001	  6.3789293392546048e-009	
  8.8372001999999995e+001	  6.3832953425979022e-009	
  8.8575997000000001e+001	  6.3829480468774122e-009	
  8.8771996000000001e+001	  6.3837914793414587e-009	
  8.8972000999999992e+001	  6.3813604092980313e-009	
  8.9170997999999997e+001	  6.3811123409262543e-009	
  8.9371003000000002e+001	  6.3846349118055043e-009	
  8.9572998999999996e+001	  6.3855775716182622e-009	
  8.9778001000000003e+001	  6.3926227133767647e-009	
  8.9976997999999995e+001	  6.3861729357105308e-009	
  9.0170997999999997e+001	  6.3880086416616895e-009	
  9.0368995999999996e+001	  6.3861729357105308e-009	
  9.0571998999999991e+001	  6.3872644365463543e-009	
  9.0769996999999989e+001	  6.3890009151488017e-009	
  9.0968002999999996e+001	  6.3918785082614304e-009	
  9.1169998999999990e+001	  6.3899435749615595e-009	
  9.1367997000000003e+001	  6.3893482108692925e-009	
  9.1568000999999995e+001	  6.3912831441691617e-009	
  9.1767997999999992e+001	  6.3915312125409404e-009	
  9.1965995999999990e+001	  6.3968398756969939e-009	
  9.2166000999999994e+001	  6.3980802175558856e-009	
  9.2365997999999990e+001	  6.3970879440687726e-009	
  9.2566002999999995e+001	  6.3986755816481543e-009	
  9.2763001000000003e+001	  6.4016027884351374e-009	
  9.2962997999999999e+001	  6.4021981525274044e-009	
  9.3161003999999991e+001	  6.4019500841556282e-009	
  9.3361999999999995e+001	  6.4006105149480235e-009	
  9.3564003999999997e+001	  6.4030415849914517e-009	
  9.3762001999999995e+001	  6.4096898173551082e-009	
  9.3960999000000001e+001	  6.4084990891705726e-009	
  9.4159996999999990e+001	  6.4071595199629696e-009	
  9.4360000999999997e+001	  6.4107813181909326e-009	
  9.4625999999999991e+001	  6.4108805455396439e-009	
  9.4767997999999992e+001	  6.4085983165192839e-009	
  9.4959000000000003e+001	  6.4141550480471177e-009	
  9.5158996999999999e+001	  6.4139565933496943e-009	
  9.5357002999999992e+001	  6.4153953899060078e-009	
  9.5559997999999993e+001	  6.4127162514908034e-009	
  9.5756996999999998e+001	  6.4118728190267561e-009	
  9.5957000999999991e+001	  6.4126170241420913e-009	
  9.6156998000000002e+001	  6.4191660291570374e-009	
  9.6356003000000001e+001	  6.4176776189263678e-009	
  9.6558999000000000e+001	  6.4191660291570374e-009	
  9.6756996999999998e+001	  6.4225397590132225e-009	
  9.6969002000000003e+001	  6.4233831914772682e-009	
  9.7154998999999989e+001	  6.4265088529616739e-009	
  9.7353996999999993e+001	  6.4234824188259787e-009	
  9.7555000999999990e+001	  6.4263103982642513e-009	
  9.7752999000000003e+001	  6.4265088529616739e-009	
  9.7957000999999991e+001	  6.4256654204976266e-009	
  9.8150002000000001e+001	  6.4243258512900244e-009	
  9.8349998999999997e+001	  6.4269057623565174e-009	
  9.8555999999999997e+001	  6.4296841281204340e-009	
  9.8749000999999993e+001	  6.4277491948205648e-009	
  9.8948998000000003e+001	  6.4317182887690169e-009	
  9.9145996999999994e+001	  6.4340501314637322e-009	
  9.9347000999999992e+001	  6.4323632665356392e-009	
  9.9552002999999999e+001	  6.4363323604840930e-009	
  9.9746003000000002e+001	  6.4330578579766191e-009	
  9.9944999999999993e+001	  6.4345462682072887e-009	
  1.0014499699999999e+002	  6.4376719296916952e-009	
  1.0034400200000000e+002	  6.4352408596482678e-009	
  1.0054899700000000e+002	  6.4339012904406648e-009	
  1.0074299700000000e+002	  6.4358362237405365e-009	
  1.0094400100000000e+002	  6.4363323604840930e-009	
  1.0114399800000000e+002	  6.4374238613199165e-009	
  1.0134400200000000e+002	  6.4360842921123143e-009	
  1.0154799700000000e+002	  6.4431294338708169e-009	
  1.0174399600000000e+002	  6.4451635945193974e-009	
  1.0194300100000000e+002	  6.4428813654990382e-009	
  1.0214399800000000e+002	  6.4453124355424648e-009	
  1.0234300300000000e+002	  6.4497776662344735e-009	
  1.0254899700000000e+002	  6.4507699397215865e-009	
  1.0274099799999999e+002	  6.4505218713498070e-009	
  1.0294000299999999e+002	  6.4494303705139827e-009	
  1.0314099999999999e+002	  6.4510180080933652e-009	
  1.0333999700000000e+002	  6.4519606679061213e-009	
  1.0354000200000000e+002	  6.4527048730214573e-009	
  1.0373899899999999e+002	  6.4551359430648839e-009	
  1.0393900400000000e+002	  6.4551359430648839e-009	
  1.0413800100000000e+002	  6.4527048730214573e-009	
  1.0433599900000000e+002	  6.4570708763647531e-009	
  1.0453700300000000e+002	  6.4612880386849839e-009	
  1.0473600100000000e+002	  6.4650586779360135e-009	
  1.0493599800000000e+002	  6.4609407429644948e-009	
  1.0513900099999999e+002	  6.4632229719848548e-009	
  1.0533400000000000e+002	  6.4596011737568926e-009	
  1.0553499699999999e+002	  6.4632229719848548e-009	
  1.0573400199999999e+002	  6.4655548146795692e-009	
  1.0593399900000000e+002	  6.4694246812793109e-009	
  1.0613400299999999e+002	  6.4703673410920678e-009	
  1.0633400000000000e+002	  6.4742372076918087e-009	
  1.0653299799999999e+002	  6.4709627051843348e-009	
  1.0673500100000000e+002	  6.4703673410920678e-009	
  1.0694899800000000e+002	  6.4712107735561135e-009	
  1.0713199700000000e+002	  6.4738899119713179e-009	
  1.0733000299999999e+002	  6.4755767768994109e-009	
  1.0753099899999999e+002	  6.4764202093634566e-009	
  1.0772999600000000e+002	  6.4783551426633274e-009	
  1.0793100000000000e+002	  6.4815304178220891e-009	
  1.0813099699999999e+002	  6.4764202093634566e-009	
  1.0833000299999999e+002	  6.4812823494503105e-009	
  1.0852999899999999e+002	  6.4822250092630683e-009	
  1.0872899699999999e+002	  6.4775117101992817e-009	
  1.0892900200000000e+002	  6.4796947118709296e-009	
  1.0912999800000000e+002	  6.4842095562372944e-009	
  1.0932699699999999e+002	  6.4810342810785326e-009	
  1.0952500200000000e+002	  6.4834653511219592e-009	
  1.0972499900000000e+002	  6.4765690503865231e-009	
  1.0992500400000000e+002	  6.4802900759631983e-009	
  1.1012400099999999e+002	  6.4820265545656448e-009	
  1.1032299900000000e+002	  6.4837134194937370e-009	
  1.1052199600000000e+002	  6.4870871493499222e-009	
  1.1072100100000000e+002	  6.4849041476782735e-009	
  1.1092099800000000e+002	  6.4883274912088131e-009	
  1.1112200199999999e+002	  6.4873352177217000e-009	
  1.1131999999999999e+002	  6.4926438808777544e-009	
  1.1153900200000000e+002	  6.4881786501857465e-009	
  1.1172200099999999e+002	  6.4907089475778835e-009	
  1.1191999899999999e+002	  6.4901135834856157e-009	
  1.1211899600000000e+002	  6.4908577886009517e-009	
  1.1231800100000000e+002	  6.4964145201287839e-009	
  1.1251799799999999e+002	  6.4931400176213101e-009	
  1.1271800300000000e+002	  6.4981013850568761e-009	
  1.1291799999999999e+002	  6.4964145201287839e-009	
  1.1311799700000000e+002	  6.5008797508207926e-009	
  1.1331800100000000e+002	  6.4954718603160270e-009	
  1.1351599999999999e+002	  6.4994409542644791e-009	
  1.1371499700000000e+002	  6.5017727969591944e-009	
  1.1391500200000000e+002	  6.5017727969591944e-009	
  1.1411399899999999e+002	  6.4997882499849674e-009	
  1.1431500299999999e+002	  6.4982502260799443e-009	
  1.1451300100000000e+002	  6.5017727969591944e-009	
  1.1471099900000000e+002	  6.5053945951871557e-009	
  1.1491200300000000e+002	  6.5056426635589344e-009	
  1.1511199999999999e+002	  6.5075775968588052e-009	
  1.1531099800000000e+002	  6.5035588892359978e-009	
  1.1551100199999999e+002	  6.5078256652305839e-009	
  1.1571099900000000e+002	  6.5039061849564870e-009	
  1.1590899700000000e+002	  6.5137296924789044e-009	
  1.1610900199999999e+002	  6.5114474634585461e-009	
  1.1630799900000000e+002	  6.5086690976946296e-009	
  1.1650699700000000e+002	  6.5137296924789044e-009	
  1.1670700099999999e+002	  6.5096117575073866e-009	
  1.1692099800000000e+002	  6.5133823967584169e-009	
  1.1710499600000000e+002	  6.5177484001017135e-009	
  1.1730400200000000e+002	  6.5115466908072574e-009	
  1.1750399800000000e+002	  6.5147219659660191e-009	
  1.1770199699999999e+002	  6.5180956958222027e-009	
  1.1790200100000000e+002	  6.5211221299578970e-009	
  1.1810099900000000e+002	  6.5197825607502948e-009	
  1.1830100299999999e+002	  6.5185918325657600e-009	
  1.1850000100000000e+002	  6.5171530360094457e-009	
  1.1870099700000000e+002	  6.5197825607502948e-009	
  1.1890100199999999e+002	  6.5230570632577679e-009	
  1.1909899999999999e+002	  6.5221144034450109e-009	
  1.1930000400000000e+002	  6.5249919965576379e-009	
  1.1949900099999999e+002	  6.5224616991655000e-009	
  1.1969699899999999e+002	  6.5195344923785162e-009	
  1.1990699800000000e+002	  6.5213701983296757e-009	
  1.2009600100000000e+002	  6.5234539726526131e-009	
  1.2029499899999999e+002	  6.5240493367448817e-009	
  1.2049600300000000e+002	  6.5302014323649809e-009	
  1.2069400100000000e+002	  6.5281672717163996e-009	
  1.2089399800000000e+002	  6.5277703623215544e-009	
  1.2109300300000000e+002	  6.5305983417598262e-009	
  1.2129299999999999e+002	  6.5292587725522240e-009	
  1.2149299700000000e+002	  6.5318882972930739e-009	
  1.2169200200000000e+002	  6.5336247758955213e-009	
  1.2189199900000000e+002	  6.5356589365441027e-009	
  1.2209200400000000e+002	  6.5372465741234835e-009	
  1.2229000200000000e+002	  6.5370977331004162e-009	
  1.2248899899999999e+002	  6.5327813434314740e-009	
  1.2268900400000000e+002	  6.5339720716160113e-009	
  1.2288900099999999e+002	  6.5356589365441027e-009	
  1.2308899799999999e+002	  6.5329797981288966e-009	
  1.2328700300000000e+002	  6.5327813434314740e-009	
  1.2348699999999999e+002	  6.5323844340366305e-009	
  1.2368599800000000e+002	  6.5306975691085383e-009	
  1.2388400299999999e+002	  6.5348155040800570e-009	
  1.2408599900000000e+002	  6.5389334390515765e-009	
  1.2428600399999999e+002	  6.5440436475102075e-009	
  1.2448500100000000e+002	  6.5407691450027352e-009	
  1.2468599799999998e+002	  6.5397768715156205e-009	
  1.2489200700000001e+002	  6.5399257125386887e-009	
  1.2508399299999999e+002	  6.5411164407232236e-009	
  1.2528400500000001e+002	  6.5469212406228353e-009	
  1.2548200299999999e+002	  6.5428033056513157e-009	
  1.2568199999999999e+002	  6.5475166047151031e-009	
  1.2588300400000000e+002	  6.5459785808100783e-009	
  1.2607999500000000e+002	  6.5436467381153631e-009	
  1.2628000699999998e+002	  6.5477646730868818e-009	
  1.2648000400000001e+002	  6.5470700816459026e-009	
  1.2667699500000001e+002	  6.5459785808100783e-009	
  1.2689099999999999e+002	  6.5491042422944840e-009	
  1.2707599700000000e+002	  6.5545617464736057e-009	
  1.2727399499999999e+002	  6.5512872439661327e-009	
  1.2747400700000000e+002	  6.5521306764301783e-009	
  1.2767299700000001e+002	  6.5511880166174205e-009	
  1.2787299400000001e+002	  6.5534702456377805e-009	
  1.2807199900000001e+002	  6.5514360849892000e-009	
  1.2827100400000000e+002	  6.5507911072225761e-009	
  1.2847199300000000e+002	  6.5520314490814678e-009	
  1.2867099800000000e+002	  6.5544625191248944e-009	
  1.2887099499999999e+002	  6.5544625191248944e-009	
  1.2907100700000001e+002	  6.5569928165170322e-009	
  1.2926900499999999e+002	  6.5587789087938365e-009	
  1.2946999399999999e+002	  6.5569928165170322e-009	
  1.2967000600000000e+002	  6.5561493840529866e-009	
  1.2986699700000000e+002	  6.5567447481452544e-009	
  1.3006800100000001e+002	  6.5585804540964131e-009	
  1.3026799800000001e+002	  6.5590269771656127e-009	
  1.3046599599999999e+002	  6.5622022523243753e-009	
  1.3066700000000000e+002	  6.5650798454370031e-009	
  1.3086600600000000e+002	  6.5628968437653544e-009	
  1.3106499500000001e+002	  6.5617061155808188e-009	
  1.3126599999999999e+002	  6.5578362489810779e-009	
  1.3146399800000000e+002	  6.5616068882321083e-009	
  1.3166399500000000e+002	  6.5653279138087810e-009	
  1.3186499899999998e+002	  6.5702892812443462e-009	
  1.3206299700000000e+002	  6.5735637837518192e-009	
  1.3226400100000001e+002	  6.5723730555672835e-009	
  1.3246300600000001e+002	  6.5674116881317192e-009	
  1.3266199599999999e+002	  6.5655759821805605e-009	
  1.3286100099999999e+002	  6.5666674830163840e-009	
  1.3306099799999998e+002	  6.5687512573393214e-009	
  1.3326099500000001e+002	  6.5668163240394513e-009	
  1.3346100700000000e+002	  6.5713807820801705e-009	
  1.3366100399999999e+002	  6.5675109154804296e-009	
  1.3386100099999999e+002	  6.5679078248752757e-009	
  1.3406000599999999e+002	  6.5677589838522075e-009	
  1.3425899600000000e+002	  6.5696939171520792e-009	
  1.3445899299999999e+002	  6.5738118521235979e-009	
  1.3466199599999999e+002	  6.5723730555672835e-009	
  1.3485700299999999e+002	  6.5743079888671536e-009	
  1.3505699999999999e+002	  6.5740599204953765e-009	
  1.3525699699999998e+002	  6.5779297870951174e-009	
  1.3545699400000001e+002	  6.5776817187233387e-009	
  1.3565700600000000e+002	  6.5789220605822296e-009	
  1.3585599600000000e+002	  6.5762429221670244e-009	
  1.3605599300000000e+002	  6.5764909905388031e-009	
  1.3625600499999999e+002	  6.5798647203949866e-009	
  1.3645499500000000e+002	  6.5785251511873844e-009	
  1.3665500699999998e+002	  6.5804600844872553e-009	
  1.3686300000000000e+002	  6.5817004263461461e-009	
  1.3704900400000000e+002	  6.5828911545306818e-009	
  1.3725100000000000e+002	  6.5827919271819705e-009	
  1.3744899799999999e+002	  6.5817004263461461e-009	
  1.3764800299999999e+002	  6.5814523579743675e-009	
  1.3784799999999998e+002	  6.5824446314614797e-009	
  1.3804599800000000e+002	  6.5832880639255270e-009	
  1.3824700200000001e+002	  6.5780786281181840e-009	
  1.3844800599999999e+002	  6.5858183613176648e-009	
  1.3864699600000000e+002	  6.5897874552661162e-009	
  1.3884600100000000e+002	  6.5905316603814530e-009	
  1.3904500600000000e+002	  6.5882494313610914e-009	
  1.3924500300000000e+002	  6.5901843646609622e-009	
  1.3944499999999999e+002	  6.5894401595456262e-009	
  1.3964499699999999e+002	  6.5944015269811922e-009	
  1.3984600100000000e+002	  6.5933100261453679e-009	
  1.4004500600000000e+002	  6.5952449594452379e-009	
  1.4024399600000001e+002	  6.5938061628889236e-009	
  1.4044300100000001e+002	  6.5922185253095427e-009	
  1.4064200700000001e+002	  6.5969318243733309e-009	
  1.4084200400000000e+002	  6.5944015269811922e-009	
  1.4104099299999999e+002	  6.5962372329323501e-009	
  1.4123999899999998e+002	  6.6009505319961383e-009	
  1.4143999500000001e+002	  6.5986683029757792e-009	
  1.4163999200000001e+002	  6.5944015269811922e-009	
  1.4183899800000000e+002	  6.5928138894018114e-009	
  1.4203899500000000e+002	  6.5937069355402131e-009	
  1.4223800000000000e+002	  6.5939053902376357e-009	
  1.4243900399999998e+002	  6.6016947371114719e-009	
  1.4263799399999999e+002	  6.6041258071548992e-009	
  1.4283600700000000e+002	  6.6014466687396948e-009	
  1.4303600399999999e+002	  6.6002063268808040e-009	
  1.4323600099999999e+002	  6.5985194619527118e-009	
  1.4343599799999998e+002	  6.6041258071548992e-009	
  1.4363399600000000e+002	  6.6053165353394357e-009	
  1.4383399299999999e+002	  6.6069041729188166e-009	
  1.4403499700000000e+002	  6.6065072635239714e-009	
  1.4423299499999999e+002	  6.6044731028753884e-009	
  1.4443300700000000e+002	  6.6102779027750001e-009	
  1.4463199699999998e+002	  6.6165788394181691e-009	
  1.4483100199999998e+002	  6.6107740395185574e-009	
  1.4504099299999999e+002	  6.6119647677030914e-009	
  1.4523000400000001e+002	  6.6114686309595349e-009	
  1.4542899399999999e+002	  6.6101786754262888e-009	
  1.4562999800000000e+002	  6.6133043369106953e-009	
  1.4582999500000000e+002	  6.6132051095619840e-009	
  1.4602900000000000e+002	  6.6091864019391766e-009	
  1.4623000400000001e+002	  6.6121136087261596e-009	
  1.4642899399999999e+002	  6.6077476053828622e-009	
  1.4662799899999999e+002	  6.6110221078903353e-009	
  1.4682700399999999e+002	  6.6118655403543809e-009	
  1.4703699599999999e+002	  6.6147431334670088e-009	
  1.4722499900000000e+002	  6.6138004736542518e-009	
  1.4742600300000001e+002	  6.6143958377465188e-009	
  1.4762200200000001e+002	  6.6187618410898162e-009	
  1.4782300599999999e+002	  6.6166780667668796e-009	
  1.4802100400000000e+002	  6.6192579778333735e-009	
  1.4822100100000000e+002	  6.6240705042458705e-009	
  1.4842099800000000e+002	  6.6232270717818249e-009	
  1.4862700699999999e+002	  6.6164796120694570e-009	
  1.4882100700000001e+002	  6.6229790034100470e-009	
  1.4902100400000000e+002	  6.6233759128048931e-009	
  1.4922100100000000e+002	  6.6254100734534736e-009	
  1.4942099800000000e+002	  6.6240705042458705e-009	
  1.4962000300000000e+002	  6.6242193452689371e-009	
  1.4981899300000001e+002	  6.6251620050816949e-009	
  1.5002700099999998e+002	  6.6251620050816949e-009	
  1.5021799500000000e+002	  6.6272457794046323e-009	
  1.5041899899999999e+002	  6.6249139367099179e-009	
  1.5062000300000000e+002	  6.6245666409894279e-009	
  1.5081600299999999e+002	  6.6233759128048931e-009	
  1.5101700700000001e+002	  6.6254100734534736e-009	
  1.5121599599999999e+002	  6.6292799400532144e-009	
  1.5141399500000000e+002	  6.6279403708456106e-009	
  1.5161699700000000e+002	  6.6292799400532144e-009	
  1.5181299700000000e+002	  6.6242193452689371e-009	
  1.5201400100000001e+002	  6.6278411434969001e-009	
  1.5221399800000000e+002	  6.6324552152119753e-009	
  1.5241300300000000e+002	  6.6279403708456106e-009	
  1.5261499899999998e+002	  6.6336459433965118e-009	
  1.5281600299999999e+002	  6.6325544425606875e-009	
  1.5301000299999998e+002	  6.6342413074887788e-009	
  1.5321000000000001e+002	  6.6360770134399367e-009	
  1.5340900500000001e+002	  6.6371685142757635e-009	
  1.5361100099999999e+002	  6.6403437894345236e-009	
  1.5381000599999999e+002	  6.6392522885986992e-009	
  1.5400899600000000e+002	  6.6416337449677705e-009	
  1.5420800100000000e+002	  6.6432213825471514e-009	
  1.5440799799999999e+002	  6.6346382168836248e-009	
  1.5460999400000000e+002	  6.6386073108320762e-009	
  1.5480699999999999e+002	  6.6404430167832341e-009	
  1.5501900499999999e+002	  6.6393515159474114e-009	
  1.5520800100000000e+002	  6.6407903125037249e-009	
  1.5540599900000001e+002	  6.6431221551984401e-009	
  1.5560799499999999e+002	  6.6366723775322053e-009	
  1.5580500100000000e+002	  6.6410383808755027e-009	
  1.5600600499999999e+002	  6.6399468800396792e-009	
  1.5620499500000000e+002	  6.6390042202269214e-009	
  1.5640799799999999e+002	  6.6394507432961219e-009	
  1.5660799499999999e+002	  6.6427252458035957e-009	
  1.5680399399999999e+002	  6.6433702235702188e-009	
  1.5701499200000001e+002	  6.6463966577059140e-009	
  1.5720200399999999e+002	  6.6484308183544945e-009	
  1.5740000200000000e+002	  6.6440648150111979e-009	
  1.5760199800000001e+002	  6.6450570884983110e-009	
  1.5779999599999999e+002	  6.6456524525905788e-009	
  1.5799900099999999e+002	  6.6463966577059140e-009	
  1.5820000500000000e+002	  6.6507130473748553e-009	
  1.5839800299999999e+002	  6.6486788867262723e-009	
  1.5860100599999998e+002	  6.6557240284847749e-009	
  1.5879799700000001e+002	  6.6500184559338753e-009	
  1.5899599499999999e+002	  6.6533921857900605e-009	
  1.5920200399999999e+002	  6.6487781140749844e-009	
  1.5939699600000000e+002	  6.6507130473748553e-009	
  1.5959699300000000e+002	  6.6520526165824575e-009	
  1.5979300799999999e+002	  6.6559224831821975e-009	
  1.5999199700000000e+002	  6.6542356182541062e-009	
  1.6019499999999999e+002	  6.6523006849542362e-009	
  1.6039200700000001e+002	  6.6518045482106796e-009	
  1.6059400199999999e+002	  6.6542356182541062e-009	
  1.6079099299999999e+002	  6.6586016215974036e-009	
  1.6098999899999998e+002	  6.6568155293205993e-009	
  1.6119199399999999e+002	  6.6552278917412192e-009	
  1.6138999200000001e+002	  6.6552278917412192e-009	
  1.6159299500000000e+002	  6.6554759601129971e-009	
  1.6178899500000000e+002	  6.6546325276489506e-009	
  1.6198800000000000e+002	  6.6560713242052649e-009	
  1.6218799700000000e+002	  6.6568155293205993e-009	
  1.6238700200000000e+002	  6.6579070301564244e-009	
  1.6259099599999999e+002	  6.6589489173178927e-009	
  1.6278800300000000e+002	  6.6615288283843866e-009	
  1.6298699299999998e+002	  6.6572620523898014e-009	
  1.6318599799999998e+002	  6.6616280557330971e-009	
  1.6338399600000000e+002	  6.6624714881971428e-009	
  1.6358800600000001e+002	  6.6600404181537162e-009	
  1.6378400500000001e+002	  6.6620249651279431e-009	
  1.6398200299999999e+002	  6.6626203292202110e-009	
  1.6418500599999999e+002	  6.6640591257765236e-009	
  1.6438100499999999e+002	  6.6682762880967545e-009	
  1.6458699899999999e+002	  6.6668374915404410e-009	
  1.6478000699999998e+002	  6.6634637616842575e-009	
  1.6497800500000000e+002	  6.6681770607480432e-009	
  1.6517899399999999e+002	  6.6645552625200818e-009	
  1.6537999800000000e+002	  6.6641583531252358e-009	
  1.6557799599999998e+002	  6.6632156933124796e-009	
  1.6577700099999998e+002	  6.6664901958199502e-009	
  1.6597699800000001e+002	  6.6654979223328380e-009	
  1.6617499599999999e+002	  6.6712034948837384e-009	
  1.6637499299999999e+002	  6.6674328556327088e-009	
  1.6657399799999999e+002	  6.6653986949841266e-009	
  1.6677300299999999e+002	  6.6693677889325788e-009	
  1.6697400700000000e+002	  6.6709554265119597e-009	
  1.6717400400000000e+002	  6.6741307016707214e-009	
  1.6737400099999999e+002	  6.6744779973912114e-009	
  1.6757399799999999e+002	  6.6741307016707214e-009	
  1.6777300299999999e+002	  6.6716996316272949e-009	
  1.6797499900000000e+002	  6.6701119940479140e-009	
  1.6817200499999998e+002	  6.6758175665988136e-009	
  1.6837299400000001e+002	  6.6764129306910814e-009	
  1.6857300599999999e+002	  6.6744779973912114e-009	
  1.6877100400000000e+002	  6.6780005682704623e-009	
  1.6897199300000000e+002	  6.6794393648267766e-009	
  1.6917200499999998e+002	  6.6765121580397927e-009	
  1.6937200200000001e+002	  6.6767602264115714e-009	
  1.6957199900000001e+002	  6.6791912964549979e-009	
  1.6977100400000000e+002	  6.6811262297548688e-009	
  1.6996799500000000e+002	  6.6776036588756162e-009	
  1.7017000600000000e+002	  6.6788440007345079e-009	
  1.7036800499999998e+002	  6.6769090674346379e-009	
  1.7056999999999999e+002	  6.6804316383138888e-009	
  1.7076599999999999e+002	  6.6786951597114422e-009	
  1.7096399800000000e+002	  6.6790920691062858e-009	
  1.7116399500000000e+002	  6.6788440007345079e-009	
  1.7136300000000000e+002	  6.6801835699421101e-009	
  1.7156299700000000e+002	  6.6823665716137597e-009	
  1.7176200200000000e+002	  6.6822177305906931e-009	
  1.7196199899999999e+002	  6.6824657989624710e-009	
  1.7215999700000000e+002	  6.6808781613830909e-009	
  1.7235900200000000e+002	  6.6881713715133714e-009	
  1.7256200500000000e+002	  6.6903543731850192e-009	
  1.7276000299999998e+002	  6.6858395288186545e-009	
  1.7296100700000000e+002	  6.6868318023057692e-009	
  1.7315900500000001e+002	  6.6880225304903032e-009	
  1.7335900200000000e+002	  6.6871790980262567e-009	
  1.7356000599999999e+002	  6.6896101680696840e-009	
  1.7375800400000000e+002	  6.6862364382135005e-009	
  1.7395800100000000e+002	  6.6911978056490641e-009	
  1.7415799799999999e+002	  6.6919420107644001e-009	
  1.7435700299999999e+002	  6.6910489646259984e-009	
  1.7456099799999998e+002	  6.6912970329977762e-009	
  1.7475699699999998e+002	  6.6907016689055084e-009	
  1.7495499500000000e+002	  6.6921404654618227e-009	
  1.7515599900000001e+002	  6.6890148039774170e-009	
  1.7535300500000000e+002	  6.6915451013695541e-009	
  1.7556299700000000e+002	  6.6889155766287049e-009	
  1.7575400600000000e+002	  6.6934800346694249e-009	
  1.7595200399999999e+002	  6.6951668995975179e-009	
  1.7615200099999998e+002	  6.6923885338336014e-009	
  1.7635199800000001e+002	  6.6937281030412036e-009	
  1.7655300199999999e+002	  6.6971514465717423e-009	
  1.7675100000000000e+002	  6.6978460380127223e-009	
  1.7696100700000000e+002	  6.6958118773641401e-009	
  1.7714600400000000e+002	  6.6971514465717423e-009	
  1.7734600100000000e+002	  6.7011205405201945e-009	
  1.7754399899999999e+002	  6.6977468106640110e-009	
  1.7774399600000001e+002	  6.6967545371768971e-009	
  1.7794399300000001e+002	  6.6971514465717423e-009	
  1.7814299800000001e+002	  6.6983421747562780e-009	
  1.7834200400000000e+002	  6.6947203765283166e-009	
  1.7854300799999999e+002	  6.7008724721484166e-009	
  1.7874199700000000e+002	  6.7016166772637518e-009	
  1.7894300100000001e+002	  6.6990863798716132e-009	
  1.7914400499999999e+002	  6.7013686088919732e-009	
  1.7934200400000000e+002	  6.6978460380127223e-009	
  1.7954099299999999e+002	  6.6973499012691658e-009	
  1.7974100600000000e+002	  6.7010213131714832e-009	
  1.7994100299999999e+002	  6.7040477473071784e-009	
  1.8014899499999999e+002	  6.7028074054482875e-009	
  1.8034499399999999e+002	  6.7052384754917140e-009	
  1.8053800300000000e+002	  6.7012693815432619e-009	
  1.8074100600000000e+002	  6.7022120413560188e-009	
  1.8093799700000000e+002	  6.7066772720480275e-009	
  1.8113700200000000e+002	  6.7127301403194171e-009	
  1.8133699899999999e+002	  6.7169969163140032e-009	
  1.8153699599999999e+002	  6.7115394121348823e-009	
  1.8173499400000000e+002	  6.7118867078553706e-009	
  1.8193500599999999e+002	  6.7118867078553706e-009	
  1.8213500299999998e+002	  6.7098525472067901e-009	
  1.8233300100000000e+002	  6.7137224138065293e-009	
  1.8253200600000000e+002	  6.7147146872936432e-009	
  1.8273299499999999e+002	  6.7098525472067901e-009	
  1.8293199999999999e+002	  6.7140697095270193e-009	
  1.8313300400000000e+002	  6.7115394121348823e-009	
  1.8333500000000001e+002	  6.7150619830141323e-009	
  1.8353299799999999e+002	  6.7158061881294683e-009	
  1.8373099600000000e+002	  6.7148139146423536e-009	
  1.8393300700000000e+002	  6.7127301403194171e-009	
  1.8412999800000000e+002	  6.7161534838499558e-009	
  1.8432900300000000e+002	  6.7129782086911958e-009	
  1.8453099900000001e+002	  6.7156573471064001e-009	
  1.8472800500000000e+002	  6.7117874805066584e-009	
  1.8492800199999999e+002	  6.7212140786342340e-009	
  1.8514299800000001e+002	  6.7091083420914541e-009	
  1.8532900300000000e+002	  6.7137224138065293e-009	
  1.8552700099999998e+002	  6.7164015522217353e-009	
  1.8572899699999999e+002	  6.7139704821783088e-009	
  1.8592600300000001e+002	  6.7207675555650319e-009	
  1.8612499299999999e+002	  6.7223055794700575e-009	
  1.8632399799999999e+002	  6.7220575110982797e-009	
  1.8652399499999999e+002	  6.7192791453343632e-009	
  1.8672400700000000e+002	  6.7190310769625845e-009	
  1.8692299700000001e+002	  6.7224544204931241e-009	
  1.8712400099999999e+002	  6.7189318496138723e-009	
  1.8732300599999999e+002	  6.7197752820779197e-009	
  1.8752199600000000e+002	  6.7233970803058819e-009	
  1.8772199300000000e+002	  6.7265723554646436e-009	
  1.8792200499999998e+002	  6.7194279863574297e-009	
  1.8812200200000001e+002	  6.7227024888649027e-009	
  1.8832199900000001e+002	  6.7189318496138723e-009	
  1.8851999699999999e+002	  6.7203706461701867e-009	
  1.8871900199999999e+002	  6.7167488479422245e-009	
  1.8892000600000000e+002	  6.7219582837495675e-009	
  1.8911800499999998e+002	  6.7200233504496975e-009	
  1.8931899300000001e+002	  6.7227024888649027e-009	
  1.8951700700000001e+002	  6.7227024888649027e-009	
  1.8971799500000000e+002	  6.7268204238364223e-009	
  1.8991800799999999e+002	  6.7247366495134841e-009	
  1.9011800499999998e+002	  6.7263242870928649e-009	
  1.9031699399999999e+002	  6.7306902904361623e-009	
  1.9051700700000001e+002	  6.7305414494130949e-009	
  1.9071500499999999e+002	  6.7280111520209579e-009	
  1.9091599299999999e+002	  6.7293507212285601e-009	
  1.9111499899999998e+002	  6.7351555211281718e-009	
  1.9131299700000000e+002	  6.7322779280155432e-009	
  1.9151299399999999e+002	  6.7318810186206988e-009	
  1.9171399800000000e+002	  6.7323771553642553e-009	
  1.9191199599999999e+002	  6.7301941536926058e-009	
  1.9211300000000000e+002	  6.7274157879286893e-009	
  1.9231299700000000e+002	  6.7288545844850036e-009	
  1.9251099500000001e+002	  6.7322779280155432e-009	
  1.9271100700000000e+002	  6.7290034255080701e-009	
  1.9290999700000000e+002	  6.7301941536926058e-009	
  1.9310900200000000e+002	  6.7338159519205671e-009	
  1.9331000599999999e+002	  6.7299460853208279e-009	
  1.9351000299999998e+002	  6.7324763827129650e-009	
  1.9370800100000000e+002	  6.7353043621512375e-009	
  1.9390799799999999e+002	  6.7398688201919575e-009	
  1.9410799499999999e+002	  6.7367431587075519e-009	
  1.9430800700000000e+002	  6.7359989535922167e-009	
  1.9450699699999998e+002	  6.7391742287509792e-009	
  1.9470699400000001e+002	  6.7343120886641253e-009	
  1.9490700600000000e+002	  6.7355028168486601e-009	
  1.9510599600000000e+002	  6.7372392954511084e-009	
  1.9530699999999999e+002	  6.7380827279151541e-009	
  1.9550699699999998e+002	  6.7397695928432454e-009	
  1.9570499500000000e+002	  6.7436394594429863e-009	
  1.9592200499999998e+002	  6.7428952543276527e-009	
  1.9610700299999999e+002	  6.7370904544280410e-009	
  1.9630300199999999e+002	  6.7364950903357740e-009	
  1.9650299899999999e+002	  6.7397695928432454e-009	
  1.9670200399999999e+002	  6.7430440953507193e-009	
  1.9691199599999999e+002	  6.7454751653941458e-009	
  1.9710100599999998e+002	  6.7438875278147649e-009	
  1.9729500600000000e+002	  6.7438875278147649e-009	
  1.9749399600000001e+002	  6.7442348235352549e-009	
  1.9769499999999999e+002	  6.7422006628866719e-009	
  1.9789400499999999e+002	  6.7465666662299693e-009	
  1.9809400199999999e+002	  6.7419525945148957e-009	
  1.9829300799999999e+002	  6.7438875278147649e-009	
  1.9849399600000001e+002	  6.7431433226994306e-009	
  1.9869300100000001e+002	  6.7438875278147649e-009	
  1.9889200700000001e+002	  6.7433913910712092e-009	
  1.9909099599999999e+002	  6.7446317329301010e-009	
  1.9928899500000000e+002	  6.7443836645583215e-009	
  1.9948900699999999e+002	  6.7463185978581915e-009	
  1.9968999500000001e+002	  6.7474100986940166e-009	
  1.9988700200000000e+002	  6.7526195345013597e-009	
  2.0008800600000001e+002	  6.7477573944145058e-009	
  2.0028899500000000e+002	  6.7477573944145058e-009	
  2.0048800000000000e+002	  6.7441355961865428e-009	
  2.0068599799999998e+002	  6.7465666662299693e-009	
  2.0088700200000000e+002	  6.7478566217632171e-009	
  2.0108899800000000e+002	  6.7501884644579332e-009	
  2.0128699599999999e+002	  6.7505357601784223e-009	
  2.0148699299999998e+002	  6.7489481225990398e-009	
  2.0168500599999999e+002	  6.7511311242706910e-009	
  2.0188700200000000e+002	  6.7499403960861545e-009	
  2.0208600700000000e+002	  6.7509326695732667e-009	
  2.0228499700000000e+002	  6.7530660575705618e-009	
  2.0248600099999999e+002	  6.7489481225990398e-009	
  2.0268500599999999e+002	  6.7539591037089619e-009	
  2.0288399600000000e+002	  6.7516272610142475e-009	
  2.0308500000000001e+002	  6.7495931003656645e-009	
  2.0328499700000000e+002	  6.7469139619504593e-009	
  2.0348499400000000e+002	  6.7522226251065145e-009	
  2.0368500599999999e+002	  6.7505357601784223e-009	
  2.0388199699999998e+002	  6.7526195345013597e-009	
  2.0408100199999998e+002	  6.7552490592422088e-009	
  2.0428099900000001e+002	  6.7521233977578032e-009	
  2.0448099600000000e+002	  6.7550506045447862e-009	
  2.0468000100000000e+002	  6.7540583310576740e-009	
  2.0487999800000000e+002	  6.7569855378446571e-009	
  2.0507900300000000e+002	  6.7603592677008414e-009	
  2.0528699599999999e+002	  6.7576801292856354e-009	
  2.0547899699999999e+002	  6.7579281976574149e-009	
  2.0567699500000001e+002	  6.7578289703087028e-009	
  2.0587700699999999e+002	  6.7619469052802223e-009	
  2.0607799599999998e+002	  6.7609546317931084e-009	
  2.0627900000000000e+002	  6.7595158352367957e-009	
  2.0647699800000001e+002	  6.7586724027727484e-009	
  2.0667699500000001e+002	  6.7633857018365350e-009	
  2.0687600000000000e+002	  6.7652214077876953e-009	
  2.0707700399999999e+002	  6.7576801292856354e-009	
  2.0727700099999998e+002	  6.7641299069518702e-009	
  2.0747600599999998e+002	  6.7617980642571541e-009	
  2.0767499599999999e+002	  6.7619469052802223e-009	
  2.0787499299999999e+002	  6.7598631309572857e-009	
  2.0807399799999999e+002	  6.7666602043440088e-009	
  2.0827300299999999e+002	  6.7652214077876953e-009	
  2.0847299999999998e+002	  6.7613019275135984e-009	
  2.0867400400000000e+002	  6.7637329975570249e-009	
  2.0887900600000000e+002	  6.7632864744878245e-009	
  2.0907300599999999e+002	  6.7715223444308619e-009	
  2.0927300299999999e+002	  6.7677517051798323e-009	
  2.0947299999999998e+002	  6.7660648402517410e-009	
  2.0967200499999998e+002	  6.7699347068514810e-009	
  2.0987200200000001e+002	  6.7679997735516110e-009	
  2.1007100700000001e+002	  6.7677517051798323e-009	
  2.1028200600000000e+002	  6.7691905017361467e-009	
  2.1047100100000000e+002	  6.7726138452666854e-009	
  2.1067000600000000e+002	  6.7695377974566366e-009	
  2.1087099499999999e+002	  6.7670075000644971e-009	
  2.1106999999999999e+002	  6.7690912743874354e-009	
  2.1127199600000000e+002	  6.7690912743874354e-009	
  2.1146999399999999e+002	  6.7659159992286736e-009	
  2.1167000600000000e+002	  6.7684959102951667e-009	
  2.1187099499999999e+002	  6.7713735034077945e-009	
  2.1206899300000001e+002	  6.7659159992286736e-009	
  2.1226799800000001e+002	  6.7648244983928493e-009	
  2.1246799500000000e+002	  6.7691905017361467e-009	
  2.1266700000000000e+002	  6.7693393427592140e-009	
  2.1286699700000000e+002	  6.7704308435950376e-009	
  2.1306899300000001e+002	  6.7674044094593432e-009	
  2.1326799800000001e+002	  6.7676028641567658e-009	
  2.1346599599999999e+002	  6.7727130726153975e-009	
  2.1366700000000000e+002	  6.7717207991282853e-009	
  2.1386800499999998e+002	  6.7734572777307327e-009	
  2.1406699399999999e+002	  6.7751441426588241e-009	
  2.1427100400000000e+002	  6.7737053461025122e-009	
  2.1446500499999999e+002	  6.7757395067510927e-009	
  2.1466300300000000e+002	  6.7762356434946493e-009	
  2.1486100099999999e+002	  6.7806016468379466e-009	
  2.1506200500000000e+002	  6.7784186451662971e-009	
  2.1526299399999999e+002	  6.7779225084227406e-009	
  2.1546000000000001e+002	  6.7779225084227406e-009	
  2.1565999700000000e+002	  6.7798574417226114e-009	
  2.1585900200000000e+002	  6.7774263716791849e-009	
  2.1605699999999999e+002	  6.7797582143739001e-009	
  2.1625699699999998e+002	  6.7763348708433606e-009	
  2.1645899299999999e+002	  6.7778232810740301e-009	
  2.1665700600000000e+002	  6.7809489425584358e-009	
  2.1687000300000000e+002	  6.7797582143739001e-009	
  2.1705300199999999e+002	  6.7831319442300845e-009	
  2.1725299899999999e+002	  6.7729611409871754e-009	
  2.1745299599999998e+002	  6.7779225084227406e-009	
  2.1765299300000001e+002	  6.7839753766941310e-009	
  2.1785199800000001e+002	  6.7799566690713219e-009	
  2.1805300199999999e+002	  6.7839753766941310e-009	
  2.1825200699999999e+002	  6.7816931476737710e-009	
  2.1845099700000000e+002	  6.7858110826452897e-009	
  2.1865200099999998e+002	  6.7803535784661680e-009	
  2.1885100599999998e+002	  6.7817923750224823e-009	
  2.1905100300000001e+002	  6.7870018108298245e-009	
  2.1924799400000001e+002	  6.7848188091581750e-009	
  2.1944699900000001e+002	  6.7862576057144893e-009	
  2.1964600400000000e+002	  6.7825365801378167e-009	
  2.1984699300000000e+002	  6.7858110826452897e-009	
  2.2004500600000000e+002	  6.7862576057144893e-009	
  2.2024599499999999e+002	  6.7850668775299537e-009	
  2.2045099700000000e+002	  6.7839753766941310e-009	
  2.2064699600000000e+002	  6.7842234450659088e-009	
  2.2084499399999999e+002	  6.7843226724146193e-009	
  2.2104300799999999e+002	  6.7812962382789249e-009	
  2.2124199700000000e+002	  6.7886886757579175e-009	
  2.2144199399999999e+002	  6.7890855851527619e-009	
  2.2164499699999999e+002	  6.7850668775299537e-009	
  2.2184200400000000e+002	  6.7881925390143602e-009	
  2.2204000199999999e+002	  6.7905243817090754e-009	
  2.2224100600000000e+002	  6.7888375167809849e-009	
  2.2243999500000001e+002	  6.7895321082219632e-009	
  2.2263999200000001e+002	  6.7855630142735110e-009	
  2.2283899800000000e+002	  6.7866545151093354e-009	
  2.2303899500000000e+002	  6.7917151098936111e-009	
  2.2323800000000000e+002	  6.7914670415218340e-009	
  2.2343700500000000e+002	  6.7942950209601066e-009	
  2.2363799399999999e+002	  6.7942950209601066e-009	
  2.2383600700000000e+002	  6.7965772499804650e-009	
  2.2403899500000000e+002	  6.7940469525883271e-009	
  2.2423499400000000e+002	  6.7936500431934819e-009	
  2.2443399900000000e+002	  6.7958330448651306e-009	
  2.2463700200000000e+002	  6.7949896124010841e-009	
  2.2483300100000000e+002	  6.7952376807728628e-009	
  2.2503200600000000e+002	  6.7934019748217032e-009	
  2.2523299499999999e+002	  6.7933027474729919e-009	
  2.2543199999999999e+002	  6.7959818858881971e-009	
  2.2563300400000000e+002	  6.7933027474729919e-009	
  2.2582999500000000e+002	  6.7976687508162893e-009	
  2.2602900000000000e+002	  6.7944934756575276e-009	
  2.2622899699999999e+002	  6.7937988842165484e-009	
  2.2642699500000001e+002	  6.7970733867240223e-009	
  2.2662799899999999e+002	  6.7955849764933527e-009	
  2.2682599700000000e+002	  6.7976687508162893e-009	
  2.2702500200000000e+002	  6.7993556157443823e-009	
  2.2722499900000000e+002	  6.7946423166805941e-009	
  2.2742499599999999e+002	  6.7949896124010841e-009	
  2.2762499299999999e+002	  6.7974206824445106e-009	
  2.2782199900000001e+002	  6.7996036841161601e-009	
  2.2802100400000000e+002	  6.7997029114648723e-009	
  2.2821999399999999e+002	  6.8007944123006958e-009	
  2.2842499599999999e+002	  6.8006951849519845e-009	
  2.2862299400000001e+002	  6.8017866857878088e-009	
  2.2881899300000001e+002	  6.8044658242030132e-009	
  2.2901799800000001e+002	  6.8072441899669297e-009	
  2.2921799500000000e+002	  6.8044658242030132e-009	
  2.2941599299999999e+002	  6.8079387814079089e-009	
  2.2961699700000000e+002	  6.8042177558312354e-009	
  2.2981499500000001e+002	  6.8049123472722145e-009	
  2.3001499200000001e+002	  6.8017866857878088e-009	
  2.3021500499999999e+002	  6.8038208464363902e-009	
  2.3042299700000001e+002	  6.8048131199235032e-009	
  2.3061600600000000e+002	  6.8027293456005650e-009	
  2.3081299700000000e+002	  6.8060038481080380e-009	
  2.3101200200000000e+002	  6.8060038481080380e-009	
  2.3121199899999999e+002	  6.8069961215951519e-009	
  2.3141100399999999e+002	  6.8015386174160302e-009	
  2.3161300000000000e+002	  6.8079387814079089e-009	
  2.3181299700000000e+002	  6.8040689148081672e-009	
  2.3201099500000001e+002	  6.8055573250388376e-009	
  2.3221000000000001e+002	  6.8108659881948936e-009	
  2.3240799799999999e+002	  6.8089310548950227e-009	
  2.3260999400000000e+002	  6.8057557797362602e-009	
  2.3280800700000000e+002	  6.8117094206589384e-009	
  2.3300600499999999e+002	  6.8136443539588093e-009	
  2.3320499500000000e+002	  6.8187545624174402e-009	
  2.3340599900000001e+002	  6.8116101933102271e-009	
  2.3360599600000000e+002	  6.8103698514513354e-009	
  2.3380399399999999e+002	  6.8154800599099672e-009	
  2.3400400600000000e+002	  6.8160754240022358e-009	
  2.3420099700000000e+002	  6.8155792872586793e-009	
  2.3440299300000001e+002	  6.8164227197227250e-009	
  2.3460399699999999e+002	  6.8136443539588093e-009	
  2.3480199500000001e+002	  6.8094271916385793e-009	
  2.3499900099999999e+002	  6.8150831505151219e-009	
  2.3519800599999999e+002	  6.8149839231664115e-009	
  2.3540500699999998e+002	  6.8117094206589384e-009	
  2.3560300500000000e+002	  6.8130489898665406e-009	
  2.3579799700000001e+002	  6.8149839231664115e-009	
  2.3599399600000001e+002	  6.8176630615816167e-009	
  2.3619699900000001e+002	  6.8169188564662815e-009	
  2.3639499699999999e+002	  6.8153312188869006e-009	
  2.3659600100000000e+002	  6.8185064940456624e-009	
  2.3679799700000001e+002	  6.8158273556304571e-009	
  2.3700899600000000e+002	  6.8185064940456624e-009	
  2.3719199399999999e+002	  6.8193499265097080e-009	
  2.3738999200000001e+002	  6.8202925863224667e-009	
  2.3759099599999999e+002	  6.8234678614812267e-009	
  2.3779000199999999e+002	  6.8233190204581594e-009	
  2.3798800000000000e+002	  6.8242120665965619e-009	
  2.3818900399999998e+002	  6.8233190204581594e-009	
  2.3838799399999999e+002	  6.8253035674323863e-009	
  2.3859099599999999e+002	  6.8270896597091906e-009	
  2.3878800300000000e+002	  6.8248074306888298e-009	
  2.3898699299999998e+002	  6.8217809965531354e-009	
  2.3918900399999998e+002	  6.8218802239018475e-009	
  2.3938999200000001e+002	  6.8217809965531354e-009	
  2.3959799999999998e+002	  6.8221282922736245e-009	
  2.3979099299999999e+002	  6.8221282922736245e-009	
  2.3998900699999999e+002	  6.8192010854866415e-009	
  2.4018500599999999e+002	  6.8195979948814859e-009	
  2.4038999200000001e+002	  6.8228724973889597e-009	
  2.4058699899999999e+002	  6.8249066580375411e-009	
  2.4078299799999999e+002	  6.8238151572017175e-009	
  2.4098400200000000e+002	  6.8216321555300688e-009	
  2.4118099300000000e+002	  6.8255020221298097e-009	
  2.4138199699999998e+002	  6.8285284562655041e-009	
  2.4158399299999999e+002	  6.8294215024039050e-009	
  2.4177900000000000e+002	  6.8320510271447541e-009	
  2.4198200299999999e+002	  6.8295207297526171e-009	
  2.4217899399999999e+002	  6.8321998681678223e-009	
  2.4237799899999999e+002	  6.8337378920728471e-009	
  2.4258100199999998e+002	  6.8309595263089306e-009	
  2.4277900000000000e+002	  6.8306122305884415e-009	
  2.4297600599999998e+002	  6.8308602989602193e-009	
  2.4317699500000001e+002	  6.8312075946807093e-009	
  2.4337600000000000e+002	  6.8320510271447541e-009	
  2.4357999500000000e+002	  6.8300168664961736e-009	
  2.4377700099999998e+002	  6.8270896597091906e-009	
  2.4397699800000001e+002	  6.8324479365396002e-009	
  2.4417699500000001e+002	  6.8346309382112489e-009	
  2.4437600000000000e+002	  6.8298680254731063e-009	
  2.4458500000000001e+002	  6.8344820971881807e-009	
  2.4477500200000000e+002	  6.8320510271447541e-009	
  2.4497400700000000e+002	  6.8327952322600901e-009	
  2.4517299700000001e+002	  6.8343828698394702e-009	
  2.4537200200000001e+002	  6.8328944596088015e-009	
  2.4557900300000000e+002	  6.8313564357037758e-009	
  2.4577100400000000e+002	  6.8328944596088015e-009	
  2.4596999399999999e+002	  6.8336386647241350e-009	
  2.4616899899999999e+002	  6.8312075946807093e-009	
  2.4637200200000001e+002	  6.8328944596088015e-009	
  2.4657399799999999e+002	  6.8331425279805785e-009	
  2.4676900499999999e+002	  6.8413783979236167e-009	
  2.4697199300000000e+002	  6.8335394373754245e-009	
  2.4717299700000001e+002	  6.8376573723469432e-009	
  2.4736899600000001e+002	  6.8353255296522280e-009	
  2.4757300599999999e+002	  6.8354743706752954e-009	
  2.4776799800000001e+002	  6.8342340288164036e-009	
  2.4796700400000000e+002	  6.8380046680674324e-009	
  2.4816700000000000e+002	  6.8380046680674324e-009	
  2.4836499899999998e+002	  6.8371612356033859e-009	
  2.4856499500000001e+002	  6.8326463912370228e-009	
  2.4876400100000001e+002	  6.8332913690036458e-009	
  2.4896300600000001e+002	  6.8335394373754245e-009	
  2.4916500199999999e+002	  6.8367643262085415e-009	
  2.4936699700000000e+002	  6.8347301655599593e-009	
  2.4956600299999999e+002	  6.8330433006318680e-009	
  2.4976299399999999e+002	  6.8374093039751654e-009	
  2.4996599599999999e+002	  6.8419737620158854e-009	
  2.5016399500000000e+002	  6.8372604629520972e-009	
  2.5036199299999998e+002	  6.8358216663957837e-009	
  2.5056699399999999e+002	  6.8363178031393410e-009	
  2.5076099500000001e+002	  6.8404357381108589e-009	
  2.5096100700000000e+002	  6.8391953962519680e-009	
  2.5116100399999999e+002	  6.8396915329955254e-009	
  2.5135999400000000e+002	  6.8413783979236167e-009	
  2.5155899900000000e+002	  6.8385008048109881e-009	
  2.5176000299999998e+002	  6.8393442372750362e-009	
  2.5195800100000000e+002	  6.8418745346671732e-009	
  2.5215999700000000e+002	  6.8416264662953946e-009	
  2.5236100099999999e+002	  6.8380046680674324e-009	
  2.5255699999999999e+002	  6.8458932422899806e-009	
  2.5275599000000000e+002	  6.8427179671312189e-009	
  2.5295899300000002e+002	  6.8452482645233584e-009	
  2.5315500700000001e+002	  6.8463397653591828e-009	
  2.5335401200000001e+002	  6.8427179671312189e-009	
  2.5355298699999997e+002	  6.8411303295518397e-009	
  2.5375299899999999e+002	  6.8416264662953946e-009	
  2.5395099699999997e+002	  6.8433133312234876e-009	
  2.5416098899999997e+002	  6.8446529004310898e-009	
  2.5435199799999998e+002	  6.8415272389466833e-009	
  2.5455100299999998e+002	  6.8438094679670441e-009	
  2.5475599000000000e+002	  6.8439583089901098e-009	
  2.5494800600000002e+002	  6.8435613995952662e-009	
  2.5514899500000001e+002	  6.8423706714107298e-009	
  2.5534900699999997e+002	  6.8448017414541563e-009	
  2.5554898900000001e+002	  6.8462405380104706e-009	
  2.5574799400000001e+002	  6.8426187397825076e-009	
  2.5594800600000002e+002	  6.8481754713103406e-009	
  2.5614701100000002e+002	  6.8471831978232284e-009	
  2.5634699300000000e+002	  6.8511026780973237e-009	
  2.5654801199999997e+002	  6.8464886063822493e-009	
  2.5674601000000001e+002	  6.8492669721461658e-009	
  2.5695700899999997e+002	  6.8479274029385636e-009	
  2.5714499699999999e+002	  6.8471831978232284e-009	
  2.5734900699999997e+002	  6.8491181311230993e-009	
  2.5754199999999997e+002	  6.8486716080538972e-009	
  2.5774298900000002e+002	  6.8504577003307015e-009	
  2.5793799700000000e+002	  6.8502096319589220e-009	
  2.5813800900000001e+002	  6.8502096319589220e-009	
  2.5834000500000002e+002	  6.8536329754894624e-009	
  2.5853598899999997e+002	  6.8497631088897215e-009	
  2.5873300999999998e+002	  6.8516980421895924e-009	
  2.5893399899999997e+002	  6.8475801072180736e-009	
  2.5913300399999997e+002	  6.8491181311230993e-009	
  2.5933200899999997e+002	  6.8508546097255459e-009	
  2.5953199100000000e+002	  6.8544764079535089e-009	
  2.5973200300000002e+002	  6.8498623362384328e-009	
  2.5993399899999997e+002	  6.8526407020023485e-009	
  2.6013099000000000e+002	  6.8549725446970646e-009	
  2.6033200899999997e+002	  6.8527895430254167e-009	
  2.6053901000000002e+002	  6.8580982061814702e-009	
  2.6073398700000001e+002	  6.8502096319589220e-009	
  2.6092899399999999e+002	  6.8532856797689732e-009	
  2.6112799899999999e+002	  6.8544764079535089e-009	
  2.6132801100000000e+002	  6.8511026780973237e-009	
  2.6152900000000000e+002	  6.8541291122330189e-009	
  2.6172699799999998e+002	  6.8559152045098224e-009	
  2.6192701000000000e+002	  6.8530376113971945e-009	
  2.6212699199999997e+002	  6.8565105686020894e-009	
  2.6232801100000000e+002	  6.8583462745532489e-009	
  2.6252698600000002e+002	  6.8583462745532489e-009	
  2.6272400699999997e+002	  6.8564113412533781e-009	
  2.6292301199999997e+002	  6.8559152045098224e-009	
  2.6312598500000001e+002	  6.8591897070172946e-009	
  2.6332300600000002e+002	  6.8576020694379145e-009	
  2.6352201100000002e+002	  6.8549725446970646e-009	
  2.6372501399999999e+002	  6.8575028420892041e-009	
  2.6392099800000000e+002	  6.8576020694379145e-009	
  2.6412299400000001e+002	  6.8547244763252875e-009	
  2.6432401299999998e+002	  6.8571555463687141e-009	
  2.6451898999999997e+002	  6.8586935702737389e-009	
  2.6471799499999997e+002	  6.8616207770607219e-009	
  2.6491999099999998e+002	  6.8590904796685849e-009	
  2.6511701299999999e+002	  6.8607773445966754e-009	
  2.6531501099999997e+002	  6.8635557103605920e-009	
  2.6552298800000000e+002	  6.8645479838477067e-009	
  2.6571698800000001e+002	  6.8602812078531197e-009	
  2.6591300300000000e+002	  6.8627122778965463e-009	
  2.6611200800000000e+002	  6.8629603462683258e-009	
  2.6631198999999998e+002	  6.8647464385451276e-009	
  2.6651099499999998e+002	  6.8676736453321107e-009	
  2.6671399800000000e+002	  6.8677728726808228e-009	
  2.6691098899999997e+002	  6.8635557103605920e-009	
  2.6710999399999997e+002	  6.8636549377093041e-009	
  2.6731299700000000e+002	  6.8623649821760571e-009	
  2.6751200200000000e+002	  6.8642999154759280e-009	
  2.6771100700000000e+002	  6.8621169138042776e-009	
  2.6791300300000000e+002	  6.8617200044094341e-009	
  2.6810700300000002e+002	  6.8613727086889441e-009	
  2.6830500100000000e+002	  6.8654906436604628e-009	
  2.6850599000000000e+002	  6.8640518471041485e-009	
  2.6870398799999998e+002	  6.8681697820756680e-009	
  2.6890400000000000e+002	  6.8659867804040185e-009	
  2.6910599600000000e+002	  6.8668302128680650e-009	
  2.6930201000000000e+002	  6.8636549377093041e-009	
  2.6950299899999999e+002	  6.8669294402167771e-009	
  2.6970600200000001e+002	  6.8673263496116223e-009	
  2.6990198600000002e+002	  6.8665821444962871e-009	
  2.7010300500000000e+002	  6.8696085786319823e-009	
  2.7030201000000000e+002	  6.8681697820756680e-009	
  2.7051999699999999e+002	  6.8706008521190946e-009	
  2.7070200399999999e+002	  6.8731311495112324e-009	
  2.7090000199999997e+002	  6.8747187870906133e-009	
  2.7110001399999999e+002	  6.8750660828111032e-009	
  2.7129898900000001e+002	  6.8715435119318515e-009	
  2.7150098500000001e+002	  6.8699558743524723e-009	
  2.7169901299999998e+002	  6.8652425752886841e-009	
  2.7189798800000000e+002	  6.8703527837473159e-009	
  2.7210300500000000e+002	  6.8684178504474459e-009	
  2.7230100299999998e+002	  6.8668302128680650e-009	
  2.7249698699999999e+002	  6.8660860077527306e-009	
  2.7270999999999998e+002	  6.8647464385451276e-009	
  2.7289701100000002e+002	  6.8729823084881650e-009	
  2.7309598599999998e+002	  6.8699558743524723e-009	
  2.7330600800000002e+002	  6.8691124418884250e-009	
  2.7349799400000001e+002	  6.8720396486754089e-009	
  2.7369599199999999e+002	  6.8704520110960280e-009	
  2.7390000199999997e+002	  6.8686659188192254e-009	
  2.7409598599999998e+002	  6.8729823084881650e-009	
  2.7429401500000000e+002	  6.8748180144393254e-009	
  2.7449399599999998e+002	  6.8710473751882958e-009	
  2.7469498499999997e+002	  6.8748180144393254e-009	
  2.7489301399999999e+002	  6.8742226503470576e-009	
  2.7509501000000000e+002	  6.8710473751882958e-009	
  2.7529898900000001e+002	  6.8762568109956381e-009	
  2.7549399599999998e+002	  6.8765048793674176e-009	
  2.7569400899999999e+002	  6.8723869443958989e-009	
  2.7589499699999999e+002	  6.8756614469033694e-009	
  2.7609198800000001e+002	  6.8817143151747598e-009	
  2.7629199999999997e+002	  6.8797793818748889e-009	
  2.7649399599999998e+002	  6.8743218776957672e-009	
  2.7669098700000001e+002	  6.8734784452317224e-009	
  2.7690299299999998e+002	  6.8759095152751489e-009	
  2.7708798999999999e+002	  6.8773483118314624e-009	
  2.7728800300000000e+002	  6.8759095152751489e-009	
  2.7748600099999999e+002	  6.8803747459671576e-009	
  2.7769098700000001e+002	  6.8841453852181863e-009	
  2.7788898499999999e+002	  6.8833019527541407e-009	
  2.7808399300000002e+002	  6.8821112245696058e-009	
  2.7828501199999999e+002	  6.8795313135031119e-009	
  2.7848499399999997e+002	  6.8818631561978272e-009	
  2.7868299200000001e+002	  6.8849888176822328e-009	
  2.7888199700000001e+002	  6.8841453852181863e-009	
  2.7908100200000001e+002	  6.8819623835465385e-009	
  2.7928101399999997e+002	  6.8829546570336515e-009	
  2.7948099600000000e+002	  6.8860803185180572e-009	
  2.7968000100000000e+002	  6.8891067526537524e-009	
  2.7988001300000002e+002	  6.8828058160105841e-009	
  2.8007801100000000e+002	  6.8837980894976988e-009	
  2.8028299800000002e+002	  6.8865764552616154e-009	
  2.8047998899999999e+002	  6.8843934535899650e-009	
  2.8067600299999998e+002	  6.8817143151747598e-009	
  2.8088099000000000e+002	  6.8824585202900958e-009	
  2.8107700399999999e+002	  6.8821112245696058e-009	
  2.8127399500000001e+002	  6.8824585202900958e-009	
  2.8147501399999999e+002	  6.8829546570336515e-009	
  2.8167398900000001e+002	  6.8802755186184471e-009	
  2.8187198699999999e+002	  6.8857330227975672e-009	
  2.8207599699999997e+002	  6.8817143151747598e-009	
  2.8227100400000000e+002	  6.8841453852181863e-009	
  2.8247199300000000e+002	  6.8871718193538815e-009	
  2.8267701000000000e+002	  6.8840461578694759e-009	
  2.8287500799999998e+002	  6.8818631561978272e-009	
  2.8306998499999997e+002	  6.8812181784312033e-009	
  2.8327298800000000e+002	  6.8822104519183180e-009	
  2.8346900199999999e+002	  6.8838973168464077e-009	
  2.8366800799999999e+002	  6.8827065886618737e-009	
  2.8386899599999998e+002	  6.8903470945126441e-009	
  2.8406598700000001e+002	  6.8860803185180572e-009	
  2.8426700699999998e+002	  6.8847407493104550e-009	
  2.8447001000000000e+002	  6.8859810911693467e-009	
  2.8466800799999999e+002	  6.8860803185180572e-009	
  2.8486399100000000e+002	  6.8885113885614837e-009	
  2.8506299700000000e+002	  6.8832027254054302e-009	
  2.8526398499999999e+002	  6.8844926809386763e-009	
  2.8546500500000002e+002	  6.8892555936768197e-009	
  2.8566999099999998e+002	  6.8829546570336515e-009	
  2.8586301500000002e+002	  6.8862291595411254e-009	
  2.8606000599999999e+002	  6.8887594569332624e-009	
  2.8626600000000002e+002	  6.8909424586049103e-009	
  2.8646100700000000e+002	  6.8882633201897059e-009	
  2.8665699100000000e+002	  6.8849888176822328e-009	
  2.8685898700000001e+002	  6.8899501851177980e-009	
  2.8706000599999999e+002	  6.8917858910689576e-009	
  2.8725901099999999e+002	  6.8929766192534932e-009	
  2.8746201400000001e+002	  6.8939688927406054e-009	
  2.8766199599999999e+002	  6.8870725920051710e-009	
  2.8785999399999997e+002	  6.8897021167460194e-009	
  2.8805701499999998e+002	  6.8942169611123841e-009	
  2.8825901099999999e+002	  6.8925300961842911e-009	
  2.8845798600000001e+002	  6.8916370500458910e-009	
  2.8866401000000002e+002	  6.8933735286483376e-009	
  2.8885599600000000e+002	  6.8907936175818437e-009	
  2.8905600800000002e+002	  6.8928773919047811e-009	
  2.8925901099999999e+002	  6.8898509577690859e-009	
  2.8945499500000000e+002	  6.8961518944122550e-009	
  2.8965601399999997e+002	  6.8901982534895767e-009	
  2.8986100099999999e+002	  6.8922820278125124e-009	
  2.9005298699999997e+002	  6.8920339594407354e-009	
  2.9025199199999997e+002	  6.8923812551612246e-009	
  2.9045398799999998e+002	  6.8970945542250119e-009	
  2.9065900499999998e+002	  6.8949115525533632e-009	
  2.9085300500000000e+002	  6.8963999627840320e-009	
  2.9104898900000001e+002	  6.8914385953484668e-009	
  2.9124900100000002e+002	  6.8970945542250119e-009	
  2.9144800600000002e+002	  6.8969953268763006e-009	
  2.9165198600000002e+002	  6.8970945542250119e-009	
  2.9184900699999997e+002	  6.8975906909685693e-009	
  2.9204599800000000e+002	  6.8949115525533632e-009	
  2.9225000799999998e+002	  6.8960030533891884e-009	
  2.9244599199999999e+002	  6.8960030533891884e-009	
  2.9264701100000002e+002	  6.8964991901327441e-009	
  2.9285199799999998e+002	  6.9017086259400880e-009	
  2.9304801199999997e+002	  6.9009644208247520e-009	
  2.9324399599999998e+002	  6.9017086259400880e-009	
  2.9344599199999999e+002	  6.9043877643552932e-009	
  2.9364398999999997e+002	  6.9016093985913759e-009	
  2.9384198800000001e+002	  6.9047350600757807e-009	
  2.9405298699999997e+002	  6.9014605575683093e-009	
  2.9424201299999999e+002	  6.9013613302195980e-009	
  2.9443900400000001e+002	  6.8995256242684385e-009	
  2.9464600400000000e+002	  6.9042389233322250e-009	
  2.9483899800000000e+002	  6.9047350600757807e-009	
  2.9503699599999999e+002	  6.9006171251042628e-009	
  2.9524100599999997e+002	  6.9016093985913759e-009	
  2.9543601300000000e+002	  6.9012124891965306e-009	
  2.9565299299999998e+002	  6.8985829644556815e-009	
  2.9583798999999999e+002	  6.8991783285479485e-009	
  2.9603400499999998e+002	  6.8995256242684385e-009	
  2.9623899100000000e+002	  6.9019566943118650e-009	
  2.9643601300000000e+002	  6.9009644208247520e-009	
  2.9663599499999998e+002	  6.9033954908681785e-009	
  2.9684000500000002e+002	  6.9064219250038737e-009	
  2.9704700500000001e+002	  6.9069180617474302e-009	
  2.9723200300000002e+002	  6.9043877643552932e-009	
  2.9743601300000000e+002	  6.9057273335628954e-009	
  2.9763099000000000e+002	  6.9036435592399572e-009	
  2.9782801100000000e+002	  6.9047350600757807e-009	
  2.9803299800000002e+002	  6.9024528310554224e-009	
  2.9822998899999999e+002	  6.9070172890961415e-009	
  2.9842899399999999e+002	  6.9054792651911167e-009	
  2.9863498800000002e+002	  6.9068188343987197e-009	
  2.9882999500000000e+002	  6.9098452685344141e-009	
  2.9903000700000001e+002	  6.9076622668627654e-009	
  2.9923300999999998e+002	  6.9072653574679202e-009	
  2.9942798699999997e+002	  6.9069180617474302e-009	
  2.9963199700000001e+002	  6.9102917916036146e-009	
  2.9982999500000000e+002	  6.9079103352345433e-009	
  3.0002900000000000e+002	  6.9105398599753924e-009	
  3.0022599100000002e+002	  6.9098452685344141e-009	
  3.0043100800000002e+002	  6.9064219250038737e-009	
  3.0063099000000000e+002	  6.9038916276117359e-009	
  3.0082801100000000e+002	  6.9082576309550341e-009	
  3.0103000700000001e+002	  6.9064219250038737e-009	
  3.0122400699999997e+002	  6.9091010634190781e-009	
  3.0142301199999997e+002	  6.9077614942114759e-009	
  3.0162900600000000e+002	  6.9109367693702385e-009	
  3.0182099199999999e+002	  6.9109367693702385e-009	
  3.0201999699999999e+002	  6.9118794291829946e-009	
  3.0222599100000002e+002	  6.9093491317908568e-009	
  3.0242099800000000e+002	  6.9117802018342833e-009	
  3.0262299400000001e+002	  6.9099444958831254e-009	
  3.0282300600000002e+002	  6.9107879283471711e-009	
  3.0301898999999997e+002	  6.9071661301192097e-009	
  3.0321900199999999e+002	  6.9115321334625046e-009	
  3.0341901500000000e+002	  6.9135662941110876e-009	
  3.0361899599999998e+002	  6.9111352240676611e-009	
  3.0381598700000001e+002	  6.9127228616470419e-009	
  3.0401999699999999e+002	  6.9148066359699785e-009	
  3.0421799499999997e+002	  6.9118794291829946e-009	
  3.0441401000000002e+002	  6.9112840650907276e-009	
  3.0462198699999999e+002	  6.9149058633186898e-009	
  3.0481198999999998e+002	  6.9126236342983298e-009	
  3.0501099499999998e+002	  6.9139632035059336e-009	
  3.0521298999999999e+002	  6.9118794291829946e-009	
  3.0541300300000000e+002	  6.9173369333621163e-009	
  3.0561600599999997e+002	  6.9168407966185606e-009	
  3.0581998499999997e+002	  6.9179322974543850e-009	
  3.0601099499999998e+002	  6.9144097265751333e-009	
  3.0621201400000001e+002	  6.9149058633186898e-009	
  3.0641699999999997e+002	  6.9124747932752633e-009	
  3.0661499900000001e+002	  6.9143104992264211e-009	
  3.0681000599999999e+002	  6.9191726393132759e-009	
  3.0701398499999999e+002	  6.9212067999618572e-009	
  3.0720899300000002e+002	  6.9157492957827355e-009	
  3.0741199599999999e+002	  6.9167415692698493e-009	
  3.0761499900000001e+002	  6.9198672307542550e-009	
  3.0781000599999999e+002	  6.9157492957827355e-009	
  3.0800901099999999e+002	  6.9179322974543850e-009	
  3.0821100700000000e+002	  6.9212067999618572e-009	
  3.0841098899999997e+002	  6.9237370973539967e-009	
  3.0860800999999998e+002	  6.9235386426565733e-009	
  3.0881000599999999e+002	  6.9218021640541258e-009	
  3.0900599000000000e+002	  6.9236378700052846e-009	
  3.0920499500000000e+002	  6.9221990734489711e-009	
  3.0941300300000000e+002	  6.9191726393132759e-009	
  3.0961899599999998e+002	  6.9186765025697194e-009	
  3.0980500100000000e+002	  6.9167415692698493e-009	
  3.1000998800000002e+002	  6.9194207076850537e-009	
  3.1020600200000001e+002	  6.9165927282467828e-009	
  3.1041001199999999e+002	  6.9207106632183015e-009	
  3.1060898700000001e+002	  6.9192718666619872e-009	
  3.1080201000000000e+002	  6.9239851657257729e-009	
  3.1100299899999999e+002	  6.9197680034055429e-009	
